 3.20000e+03    -1.912
 3.25000e+03    -1.852
 3.30000e+03    -1.386
 3.35000e+03    -0.818
 3.40000e+03    -0.343
 3.45000e+03    -1.160
 3.50000e+03    -1.233
 3.55000e+03    -2.232
 3.60000e+03    -2.449
 3.65000e+03    -2.494
 3.70000e+03    -2.706
 3.75000e+03    -2.527
 3.80000e+03    -2.172
 3.85000e+03    -1.525
 3.90000e+03    -0.985
 3.95000e+03    -0.556
 4.00000e+03    -0.288
 4.05000e+03     0.213
 4.10000e+03     0.727
 4.15000e+03     1.294
 4.20000e+03     1.747
 4.25000e+03     2.032
 4.30000e+03     2.238
 4.35000e+03     2.406
 4.40000e+03     2.681
 4.45000e+03     2.951
 4.50000e+03     3.203
 4.55000e+03     3.406
 4.60000e+03     3.510
 4.65000e+03     3.499
 4.70000e+03     3.467
 4.75000e+03     3.430
 4.80000e+03     3.447
 4.85000e+03     3.473
 4.90000e+03     3.519
 4.95000e+03     3.529
 5.00000e+03     3.488
 5.05000e+03     3.390
 5.10000e+03     3.238
 5.15000e+03     3.070
 5.20000e+03     2.874
 5.25000e+03     2.702
 5.30000e+03     2.566
 5.35000e+03     2.466
 5.40000e+03     2.353
 5.45000e+03     2.269
 5.50000e+03     2.133
 5.55000e+03     1.984
 5.60000e+03     1.807
 5.65000e+03     1.591
 5.70000e+03     1.368
 5.75000e+03     1.132
 5.80000e+03     0.913
 5.85000e+03     0.697
 5.90000e+03     0.444
 5.90000e+03     0.516
 5.95000e+03     0.399
 5.95000e+03     0.370
 6.00000e+03     0.274
 6.00000e+03     0.212
 6.05000e+03     0.099
 6.05000e+03     0.108
 6.10000e+03    -0.012
 6.10000e+03    -0.043
 6.15000e+03    -0.124
 6.15000e+03    -0.175
 6.20000e+03    -0.258
 6.20000e+03    -0.282
 6.25000e+03    -0.417
 6.25000e+03    -0.445
 6.30000e+03    -0.587
 6.30000e+03    -0.589
 6.35000e+03    -0.755
 6.35000e+03    -0.773
 6.40000e+03    -0.928
 6.40000e+03    -0.968
 6.45000e+03    -1.112
 6.45000e+03    -1.149
 6.50000e+03    -1.304
 6.50000e+03    -1.310
 6.55000e+03    -1.483
 6.55000e+03    -1.482
 6.60000e+03    -1.652
 6.60000e+03    -1.642
 6.65000e+03    -1.784
 6.65000e+03    -1.783
 6.70000e+03    -1.918
 6.70000e+03    -1.912
 6.75000e+03    -2.021
 6.75000e+03    -2.019
 6.80000e+03    -2.103
 6.80000e+03    -2.115
 6.85000e+03    -2.195
 6.85000e+03    -2.192
 6.90000e+03    -2.260
 6.90000e+03    -2.265
 6.95000e+03    -2.323
 6.95000e+03    -2.314
 7.00000e+03    -2.385
 7.00000e+03    -2.377
 7.05000e+03    -2.420
 7.05000e+03    -2.429
 7.10000e+03    -2.497
 7.10000e+03    -2.483
 7.15000e+03    -2.549
 7.15000e+03    -2.550
 7.20000e+03    -2.618
 7.20000e+03    -2.625
 7.25000e+03    -2.676
 7.25000e+03    -2.681
 7.30000e+03    -2.743
 7.30000e+03    -2.742
 7.35000e+03    -2.806
 7.35000e+03    -2.826
 7.40000e+03    -2.869
 7.40000e+03    -2.890
 7.45000e+03    -2.936
 7.45000e+03    -2.959
 7.50000e+03    -2.981
 7.50000e+03    -3.027
 7.55000e+03    -3.038
 7.55000e+03    -3.066
 7.60000e+03    -3.078
 7.60000e+03    -3.106
 7.65000e+03    -3.118
 7.65000e+03    -3.143
 7.70000e+03    -3.141
 7.70000e+03    -3.162
 7.75000e+03    -3.141
 7.75000e+03    -3.164
 7.80000e+03    -3.152
 7.80000e+03    -3.167
 7.85000e+03    -3.149
 7.85000e+03    -3.169
 7.90000e+03    -3.121
 7.90000e+03    -3.147
 7.95000e+03    -3.106
 7.95000e+03    -3.116
 8.00000e+03    -3.077
 8.05000e+03    -3.027
 8.10000e+03    -2.980
 8.15000e+03    -2.937
 8.20000e+03    -2.875
 8.25000e+03    -2.830
 8.30000e+03    -2.768
 8.35000e+03    -2.714
 8.40000e+03    -2.671
 8.45000e+03    -2.602
 8.50000e+03    -2.552
 8.55000e+03    -2.526
 8.60000e+03    -2.440
 8.65000e+03    -2.399
 8.70000e+03    -2.336
 8.75000e+03    -2.301
 8.80000e+03    -2.223
 8.85000e+03    -2.175
 8.90000e+03    -2.100
 8.95000e+03    -2.064
 9.00000e+03    -1.977
 9.05000e+03    -1.909
 9.10000e+03    -1.816
 9.15000e+03    -1.756
 9.20000e+03    -1.650
 9.25000e+03    -1.565
 9.30000e+03    -1.510
 9.35000e+03    -1.439
 9.40000e+03    -1.282
 9.45000e+03    -1.174
 9.50000e+03    -1.101
 9.55000e+03    -0.952
 9.60000e+03    -0.880
 9.65000e+03    -0.767
 9.70000e+03    -0.582
 9.75000e+03    -0.513
 9.80000e+03    -0.367
 9.85000e+03    -0.263
 9.90000e+03    -0.189
 9.95000e+03    -0.058
 1.00000e+04     0.068
 1.00500e+04     0.182
 1.01000e+04     0.285
 1.01500e+04     0.398
 1.02000e+04     0.492
 1.02500e+04     0.591
 1.03000e+04     0.714
 1.03500e+04     0.804
 1.04000e+04     0.905
 1.04500e+04     0.977
 1.05000e+04     1.032
 1.05500e+04     1.167
