Département fédéral de l'intérieur DFI
Office fédéral de météorologie et de climatologie
MétéoSuisse

Date de création: 02.01.2018 / Date de validation: cf. date de création

Valeurs mensuelles Précipitations / millimètre / Normales 1981-2010

Station	Altitude [m]	Coordonnées CH	Période de référence	Jan	Fév	Mar	Avr	Mai	Jun	Jul	Aoû	Sep	Oct	Nov	Dec	Ann.
Aadorf / Tänikon	539	710515 / 259821	01.1981-12.2010	76.5	73.0	87.8	89.6	124.1	123.6	116.7	119.5	102.2	91.3	84.0	95.9	1184.2
Aarberg	493	588051 / 209518	01.1981-12.2010	74.8	70.7	77.1	75.7	100.3	100.6	97.2	106.1	92.1	94.0	78.3	92.2	1059.1
Acquarossa / Comprovasco	575	714998 / 146440	01.1981-12.2010	58.5	45.8	63.4	117.6	160.5	129.5	128.0	153.7	145.6	125.2	116.9	73.0	1317.7
Adelboden	1326	609350 / 149001	01.1981-12.2010	91.6	85.3	94.5	88.8	128.0	147.9	159.6	153.8	102.9	89.1	91.6	104.8	1337.9
Affeltrangen	479	719070 / 265660	01.1981-12.2010	56.2	58.2	71.0	77.7	117.3	113.4	113.8	113.5	93.8	75.4	72.2	80.4	1042.9
Affoltern i. E.	755	622940 / 212500	01.1981-12.2010	74.7	72.4	92.6	103.4	142.4	138.2	134.0	140.2	109.4	98.6	89.8	94.5	1290.2
Aigle	381	560401 / 130713	01.1981-12.2010	69.4	63.9	70.7	69.8	90.1	105.8	110.4	106.5	87.9	83.4	74.8	78.9	1011.6
Airolo	1139	688910 / 153400	01.1981-12.2010	94.1	78.6	89.7	152.9	195.4	149.2	131.5	143.9	184.3	192.2	163.6	99.1	1674.5
Allenwinden, TG	865	713800 / 249550	01.1981-12.2010	104.8	99.3	126.6	121.2	153.7	167.3	162.2	162.6	140.4	117.2	121.0	126.6	1602.9
Alpthal	1015	696860 / 212930	01.1981-12.2010	130.3	134.7	164.9	153.9	197.5	242.6	254.0	235.4	184.3	136.7	153.7	158.0	2146.0
Altdorf	438	690174 / 193558	01.1981-12.2010	67.9	65.1	77.4	84.3	113.0	132.4	145.4	148.3	109.2	77.4	86.0	79.4	1185.8
Altmatt	920	695420 / 220770	01.1981-12.2010	108.6	107.2	139.6	136.1	174.5	197.1	212.7	205.8	162.7	121.2	130.7	133.6	1829.8
Altstätten, SG	430	759910 / 250202	01.1981-12.2010	89.9	83.1	110.2	106.6	135.1	155.4	174.8	161.0	131.7	97.3	108.8	107.2	1461.1
Alvaneu Dorf	1170	769168 / 171945	01.1981-12.2010	50.6	44.2	56.0	66.1	91.2	118.6	125.6	134.0	96.5	70.6	75.8	60.3	989.5
Amriswil	420	741796 / 268304	01.1981-12.2010	54.0	55.4	67.5	77.2	113.9	116.9	121.5	117.0	99.6	74.3	74.0	77.2	1048.5
Andeer	987	752687 / 164036	01.1981-12.2010	45.8	34.9	49.6	63.8	97.7	116.3	125.2	132.4	108.6	78.3	81.2	47.5	981.3
Andelfingen	382	693810 / 273070	01.1981-12.2010	59.4	56.0	64.3	69.3	91.9	92.1	94.3	95.3	77.6	74.2	66.4	76.1	916.9
Andermatt	1438	687444 / 165044	01.1981-12.2010	121.1	114.9	122.2	124.8	146.4	132.0	125.7	132.4	147.5	124.2	144.1	116.3	1551.6
Appenzell	750	748012 / 245040	01.1981-12.2010	86.3	81.0	112.4	113.9	150.7	173.7	192.9	177.9	145.8	98.1	102.5	101.9	1537.1
Arbon	401	750506 / 263115	01.1981-12.2010	50.6	48.5	64.4	72.1	106.4	108.4	124.2	115.4	96.8	69.0	70.1	68.9	994.8
Arisdorf	480	625310 / 261860	01.1981-12.2010	59.3	59.9	68.7	80.1	110.9	102.2	107.2	100.2	93.4	86.3	76.7	87.1	1032.0
Arosa	1878	771030 / 184826	01.1981-12.2010	86.2	79.3	92.2	95.9	118.7	151.9	163.1	169.6	123.6	88.4	106.0	90.1	1365.0
Avenches	446	569367 / 192283	01.1981-12.2010	62.4	54.5	69.4	76.6	100.2	98.5	95.9	100.7	89.1	97.2	73.3	78.1	995.9
Avers / Am Bach	2000	761985 / 146785	01.1981-12.2010	44.0	38.8	54.6	77.5	115.4	145.9	142.3	148.7	127.5	99.9	93.0	54.9	1142.5
Bad Ragaz	496	756910 / 209351	01.1981-12.2010	69.0	68.2	82.6	72.7	92.4	120.8	132.9	144.1	102.6	70.0	82.3	76.2	1113.8
Balsthal	523	621017 / 241091	01.1981-12.2010	82.7	77.4	82.6	79.6	107.4	109.0	113.3	110.6	90.9	84.7	81.2	97.6	1117.0
Barmelweid	770	640180 / 252446	01.1981-12.2010	90.4	86.5	99.0	101.7	129.9	125.1	123.6	123.4	106.2	101.4	100.5	113.5	1301.2
Basel / Binningen	316	610911 / 265601	01.1981-12.2010	46.7	44.6	54.8	63.8	98.6	86.3	91.1	80.1	78.1	72.9	59.4	65.7	842.1
Baulmes	642	530050 / 182450	01.1981-12.2010	124.0	110.3	110.0	94.9	116.3	104.6	101.2	103.7	104.9	118.6	118.4	142.0	1348.9
Bauma	667	710805 / 247005	01.1981-12.2010	98.0	94.3	118.9	122.0	155.3	174.5	164.6	167.4	142.3	114.5	118.2	120.4	1590.4
Bellelay	923	579603 / 234880	01.1981-12.2010	116.3	108.0	118.2	103.6	139.0	118.1	125.6	122.9	110.9	117.2	114.6	135.7	1430.1
Bellinzona	224	720913 / 116588	01.1981-12.2010	62.5	47.8	79.3	147.9	187.6	180.4	157.3	182.4	180.4	143.2	131.9	78.0	1578.7
Belp	510	605082 / 195001	01.1981-12.2010	71.5	66.2	82.3	87.7	123.4	120.2	117.3	118.9	98.2	89.5	79.2	88.7	1143.1
Benken / Doggen	408	715387 / 227540	01.1981-12.2010	77.2	77.4	105.3	114.2	151.3	186.6	188.5	193.7	151.1	102.1	104.6	102.8	1554.8
Bergün / Latsch	1407	777273 / 166619	01.1981-12.2010	50.9	44.0	56.0	65.8	92.1	119.1	119.2	132.4	89.1	68.5	79.4	56.1	972.6
Bern / Zollikofen	552	601930 / 204410	01.1981-12.2010	59.5	55.1	73.3	82.0	118.8	111.0	105.7	116.0	99.4	87.6	75.8	74.4	1058.6
Bernina / Curtinatsch	2090	795795 / 146486	01.1981-12.2010	43.6	36.3	50.8	66.1	109.7	115.3	117.3	115.9	107.8	103.3	99.3	51.1	1016.5
Beromünster	642	657200 / 228760	01.1981-12.2010	77.4	75.2	90.2	92.8	133.1	138.8	132.9	131.5	99.8	90.1	84.2	92.5	1238.5
Bex	402	565806 / 121511	01.1981-12.2010	71.7	64.9	73.9	75.2	96.6	110.4	115.3	115.8	88.2	80.7	74.1	84.0	1050.8
Beznau	327	659975 / 267750	01.1981-12.2010	93.9	83.2	88.1	73.8	98.3	91.2	93.0	86.3	79.9	87.9	86.5	107.2	1069.3
Beznau	325	659808 / 267694	01.1981-12.2010	86.8	78.2	86.0	70.5	90.6	90.6	92.9	85.3	73.7	82.9	84.2	97.9	1019.6
Biasca	278	718550 / 132800	01.1981-12.2010	74.7	55.7	78.1	144.2	182.2	160.1	163.0	177.1	192.0	166.3	155.5	90.8	1639.7
Biel/Bienne	433	586260 / 218840	01.1981-12.2010	101.1	87.8	88.9	78.8	100.1	99.5	102.3	113.0	97.3	103.7	97.6	117.1	1187.2
Binn	1479	657996 / 135422	01.1981-12.2010	70.6	58.1	77.3	111.4	137.3	103.2	81.5	91.8	119.6	124.8	111.8	74.5	1161.9
Bischofszell	470	735325 / 262285	01.1981-12.2010	53.5	53.5	68.8	76.5	112.1	122.8	122.7	112.1	102.3	72.0	69.6	74.2	1040.1
Bisisthal	785	705770 / 200450	01.1981-12.2010	147.2	146.3	173.4	153.4	179.1	234.7	254.7	256.5	183.2	136.4	167.2	164.0	2196.1
Bivio	1856	771282 / 148120	01.1981-12.2010	65.9	58.1	74.2	103.4	124.4	138.3	126.0	132.5	121.4	106.4	117.8	79.1	1247.5
Bière	683	515889 / 153207	01.1981-12.2010	128.5	114.9	103.9	90.4	104.0	104.1	88.3	97.0	99.3	122.7	111.5	147.4	1312.0
Blatten, Lötschental	1538	629564 / 141084	01.1981-12.2010	98.7	91.7	87.3	67.0	95.0	90.6	85.9	97.9	72.7	91.8	94.0	111.8	1084.4
Blumenstein	655	606260 / 177010	01.1981-12.2010	68.1	70.8	84.4	86.8	135.3	146.5	155.1	141.1	109.5	90.3	81.9	90.1	1259.9
Boltigen	892	596077 / 164296	01.1981-12.2010	101.8	96.2	102.4	91.3	129.8	146.4	154.2	149.5	111.1	99.6	101.5	119.9	1403.7
Bosco/Gurin	1486	680879 / 130027	01.1981-12.2010	94.6	89.4	110.6	212.6	237.3	170.3	145.7	168.9	219.3	207.2	164.3	101.9	1922.1
Boudevilliers	750	558095 / 208130	01.1981-12.2010	104.7	95.3	93.0	80.4	96.1	91.4	93.3	98.9	98.0	105.4	99.3	124.6	1180.4
Bourg-St-Pierre	1664	582155 / 88270	01.1981-12.2010	69.5	59.3	72.0	74.1	90.6	85.3	88.4	84.6	74.7	80.4	75.1	75.1	929.1
Braggio	1315	729975 / 128600	01.1981-12.2010	63.4	48.1	69.7	147.0	211.1	212.3	182.0	194.7	184.8	147.8	135.6	74.9	1671.4
Braunau	592	723115 / 264787	01.1981-12.2010	61.9	61.9	77.3	86.9	125.1	125.3	122.5	120.3	108.5	81.2	78.3	84.2	1133.4
Braunwald	1299	717942 / 199651	01.1981-12.2010	169.5	169.7	189.2	142.5	156.9	191.2	220.4	219.1	165.8	129.0	166.7	175.0	2095.0
Brienz	567	647552 / 176803	01.1981-12.2010	84.8	82.1	91.6	89.0	133.2	143.6	160.1	157.9	105.8	89.2	92.2	95.7	1325.2
Brig	665	640567 / 129069	01.1981-12.2010	68.5	56.7	55.3	56.2	67.4	55.2	43.0	51.7	45.8	65.6	68.7	64.6	698.7
Brissago	280	698200 / 108390	01.1981-12.2010	75.9	63.0	109.3	222.5	237.6	204.5	169.3	203.9	271.5	237.3	190.6	85.2	2070.6
Bristen	784	696223 / 180373	01.1981-12.2010	93.4	84.0	110.9	125.1	145.8	139.4	145.1	157.1	135.5	103.0	120.2	95.8	1455.3
Broc	680	574670 / 162100	01.1981-12.2010	71.0	69.8	84.7	92.0	131.7	138.8	133.0	142.3	109.3	100.4	82.0	91.5	1246.5
Brusio	856	806477 / 127184	01.1981-12.2010	41.0	29.5	44.7	78.5	113.5	106.1	111.2	105.2	100.2	96.1	88.3	56.5	970.8
Brülisau	933	752743 / 240475	01.1981-12.2010	102.1	94.8	129.5	123.7	164.5	193.5	216.6	208.3	166.6	109.1	116.8	114.6	1740.1
Buch, SH	414	700944 / 286039	01.1981-12.2010	56.7	52.9	56.0	61.3	84.6	94.5	89.9	84.6	68.5	69.2	57.6	74.9	850.7
Buchs / Aarau	386	648389 / 248365	01.1981-12.2010	69.3	65.8	76.4	76.2	110.7	112.2	112.2	107.6	89.6	86.9	80.5	88.7	1076.1
Buffalora	1968	816494 / 170225	01.1981-12.2010	33.6	28.0	40.3	51.7	82.7	86.7	107.0	105.5	74.9	74.9	65.8	41.6	792.7
Bullet / La Frétaz	1205	534221 / 188081	01.1981-12.2010	109.9	98.8	99.0	90.6	121.5	117.0	112.6	117.0	112.2	123.8	110.2	120.4	1333.0
Burgdorf	534	612163 / 211782	01.1981-12.2010	70.0	64.2	78.7	82.5	115.2	115.8	108.3	123.6	98.3	89.6	78.0	86.8	1111.0
Bözberg	536	652249 / 259223	01.1981-12.2010	80.5	71.2	80.5	79.6	109.1	105.5	106.7	102.1	86.2	89.4	83.6	93.8	1088.2
Bülach	402	682010 / 263780	01.1981-12.2010	70.6	63.9	72.9	70.6	98.9	101.6	107.1	91.5	80.9	82.1	74.9	84.4	999.4
Camedo	590	690296 / 112207	01.1981-12.2010	80.5	72.4	119.4	249.4	284.8	208.1	172.5	219.7	321.6	267.9	213.7	101.5	2311.5
Campocologno	535	808650 / 123700	01.1981-12.2010	39.2	27.1	44.8	73.9	108.7	96.2	94.0	100.7	93.4	93.4	90.3	54.1	915.8
Cavaglia	1706	799850 / 138470	01.1981-12.2010	74.9	54.6	76.2	125.1	156.0	137.4	131.6	136.1	137.5	153.7	152.4	98.7	1434.2
Cevio	417	689688 / 130565	01.1981-12.2010	73.8	64.7	88.9	174.7	206.5	147.9	142.9	155.6	214.7	192.1	165.5	85.3	1712.6
Cham	442	677758 / 226878	01.1981-12.2010	56.6	55.5	71.4	82.7	122.5	142.8	134.7	133.3	99.3	80.0	70.6	75.7	1125.1
Chanéaz	758	546800 / 175580	01.1981-12.2010	68.7	58.0	69.5	75.8	101.2	98.6	94.1	100.3	100.5	100.6	83.6	85.7	1036.6
Chasseral	1599	570847 / 220158	01.1981-12.2010	103.4	109.2	121.4	106.9	143.8	138.7	127.4	135.9	129.5	132.1	118.2	120.6	1487.1
Chaumont	1136	565060 / 211006	01.1981-12.2010	108.1	100.3	97.3	89.5	116.3	106.5	102.6	121.5	106.6	109.7	105.3	125.1	1288.8
Chavornay	439	531887 / 172741	01.1981-12.2010	64.7	55.8	56.5	61.2	84.8	84.6	80.3	86.2	84.0	82.9	69.8	75.7	886.5
Chur	556	759466 / 193153	01.1981-12.2010	50.7	47.2	54.7	49.2	71.2	92.5	108.9	112.3	81.3	56.0	69.7	54.9	848.6
Château-d'Oex	1029	577040 / 147655	01.1981-12.2010	100.0	87.5	97.8	91.0	123.5	138.0	139.3	144.8	110.9	105.3	99.3	115.8	1353.2
Cimetta	1661	704433 / 117452	01.1981-12.2010	47.7	42.1	68.3	136.9	193.5	182.2	158.6	185.2	209.4	173.3	122.2	63.2	1582.6
Col des Mosses	1412	573818 / 137852	01.1981-12.2010	146.9	133.9	131.8	113.2	143.3	161.0	158.1	156.2	129.4	127.9	133.1	158.7	1693.5
Col du Grand St-Bernard	2472	579200 / 79720	01.1981-12.2010	232.5	208.2	214.6	231.8	212.9	158.2	135.4	135.9	142.8	202.0	248.2	245.6	2368.1
Coldrerio	347	721080 / 79235	01.1981-12.2010	76.0	65.0	82.2	154.3	187.4	135.5	118.7	145.7	170.1	157.1	150.1	91.1	1533.2
Combe-Garot	532	551220 / 201450	01.1981-12.2010	114.8	95.1	102.7	93.6	105.3	99.9	100.7	104.9	102.0	115.9	105.2	128.0	1268.1
Cossonay	590	527563 / 162465	01.1981-12.2010	72.4	62.8	64.8	67.0	91.7	87.5	78.8	88.0	86.8	93.8	76.7	85.8	956.1
Courtelary	695	573623 / 225597	01.1981-12.2010	115.5	100.8	108.6	99.8	126.5	115.6	113.7	114.7	112.2	117.0	111.3	136.9	1372.6
Courtepin	565	576280 / 189930	01.1981-12.2010	67.2	61.8	76.3	86.0	111.3	106.8	95.1	107.7	97.7	94.3	76.5	81.7	1062.4
Couvet	728	540607 / 198345	01.1981-12.2010	113.6	102.0	100.4	89.3	110.6	107.2	102.0	106.6	101.6	107.0	106.2	126.5	1273.0
Davos	1594	783514 / 187458	01.1981-12.2010	66.0	55.9	58.8	55.9	88.1	125.8	135.7	148.0	93.2	61.3	71.6	61.8	1022.1
Degersheim	830	732600 / 247600	01.1981-12.2010	81.5	78.4	109.0	112.5	160.7	178.6	176.1	171.5	141.2	100.3	100.9	99.8	1510.5
Delémont	439	593269 / 244543	01.1981-12.2010	55.9	54.8	65.9	69.5	105.0	95.7	97.6	98.6	83.9	77.3	70.0	72.7	946.9
Diessenhofen	405	696730 / 283130	01.1981-12.2010	60.3	55.1	56.3	61.6	85.7	92.6	90.6	84.6	71.5	73.0	61.3	75.8	868.4
Dietikon	384	672890 / 251865	01.1981-12.2010	75.9	72.3	81.9	81.7	115.5	114.4	115.1	102.1	88.7	88.3	83.6	90.2	1109.7
Dischma	1710	786600 / 182990	01.1981-12.2010	61.5	56.4	61.2	60.4	86.3	123.7	131.0	145.8	94.8	66.3	79.3	65.9	1032.6
Disentis	1197	708189 / 173789	01.1981-12.2010	68.0	57.5	68.3	84.2	115.3	105.8	112.3	121.3	114.1	88.4	99.2	66.2	1100.6
Ebnat-Kappel	623	726347 / 237176	01.1981-12.2010	134.2	120.0	156.3	132.3	161.8	180.0	197.4	192.3	157.6	120.3	133.5	141.8	1827.5
Echallens	603	537455 / 166430	01.1981-12.2010	69.7	58.3	66.9	74.7	101.1	98.0	88.6	99.5	97.5	99.4	79.1	81.8	1014.6
Effretikon	478	695336 / 254992	01.1981-12.2010	68.5	67.8	83.0	89.2	116.4	120.2	122.7	117.6	100.4	83.1	82.8	88.2	1139.9
Eggersriet	814	752170 / 256280	01.1981-12.2010	71.0	73.2	99.2	106.2	142.4	159.9	174.6	171.1	139.5	92.0	101.9	93.7	1424.7
Egolzwil	521	642913 / 225540	01.1981-12.2010	63.9	61.2	74.3	74.0	109.7	109.9	117.5	117.7	89.9	82.1	70.1	80.8	1051.1
Ehrendingen	428	667846 / 262266	01.1981-12.2010	80.0	73.8	85.8	83.0	114.7	114.2	116.5	107.1	92.5	95.4	89.5	97.6	1150.1
Eigenthal	1114	659340 / 203880	01.1981-12.2010	102.0	100.4	134.3	136.9	188.5	206.4	204.2	208.8	153.1	119.9	118.9	123.8	1797.2
Einsiedeln	910	699984 / 221069	01.1981-12.2010	108.2	107.8	141.9	130.2	165.8	196.3	211.1	198.3	156.5	116.4	127.1	131.3	1790.9
Elm	958	732265 / 198425	01.1981-12.2010	103.5	101.4	122.7	110.3	140.1	164.6	188.8	193.4	148.8	103.5	128.1	113.9	1619.1
Engelberg	1035	674157 / 186097	01.1981-12.2010	88.8	89.1	107.8	112.8	154.6	178.1	196.2	190.0	130.0	101.3	108.0	102.6	1559.3
Entlebuch	768	647935 / 204165	01.1981-12.2010	91.5	85.6	106.3	108.7	162.5	174.9	175.3	168.8	121.4	100.1	98.2	109.9	1503.2
Eptingen	565	628720 / 248410	01.1981-12.2010	84.4	81.1	95.2	91.9	124.6	109.8	118.7	113.0	98.3	94.8	88.8	105.0	1205.6
Eriswil	740	631120 / 214600	01.1981-12.2010	81.2	77.7	93.9	97.5	138.6	139.4	129.6	130.3	107.8	97.8	89.9	98.6	1282.3
Erlenbach im Simmental	683	608350 / 167300	01.1981-12.2010	94.3	85.6	89.2	89.5	130.3	143.3	149.1	143.9	99.8	85.7	90.6	107.1	1308.4
Ermatingen	400	723880 / 281420	01.1981-12.2010	67.7	65.3	72.4	76.4	97.3	98.5	99.5	97.5	82.2	76.7	73.2	89.0	995.7
Eschenz	414	707865 / 278227	01.1981-12.2010	64.6	62.1	67.8	74.8	95.6	94.5	89.3	89.3	79.0	75.7	69.5	85.0	947.2
Eschlikon	578	715699 / 256836	01.1981-12.2010	89.1	85.6	97.9	94.9	129.0	131.1	129.5	127.2	111.3	97.5	96.4	107.3	1296.8
Escholzmatt	910	638120 / 195100	01.1981-12.2010	86.5	82.2	102.7	112.9	157.8	184.6	177.6	166.4	125.5	103.2	99.6	105.2	1504.2
Euthal	910	704729 / 217363	01.1981-12.2010	108.8	109.0	140.8	131.2	176.2	213.8	232.6	224.2	164.5	118.3	128.8	133.5	1881.7
Evolène / Villa	1825	605415 / 106740	01.1981-12.2010	50.3	41.0	46.9	52.1	79.4	78.9	81.0	78.9	59.1	58.9	54.8	54.2	735.5
Fahy	596	562458 / 252676	01.1981-12.2010	67.1	65.9	80.5	81.5	117.8	99.8	92.5	105.2	100.0	101.2	87.3	91.3	1090.1
Faido	747	704950 / 148266	01.1981-12.2010	73.8	59.4	79.2	136.2	158.5	136.6	135.7	151.7	172.0	154.8	133.6	81.7	1473.2
Fieschertal	1175	653990 / 142082	01.1981-12.2010	83.7	63.9	79.5	85.1	102.6	81.9	67.4	80.5	75.7	95.8	99.1	84.9	1000.1
Filisur	1030	772250 / 171320	01.1981-12.2010	45.5	40.4	47.9	57.2	84.2	109.2	118.9	123.3	88.1	67.0	76.1	56.9	914.7
Finhaut	1242	564160 / 103590	01.1981-12.2010	105.1	93.2	90.7	78.4	98.1	112.2	115.2	117.0	91.0	109.5	94.2	121.7	1226.3
Fionnay	1500	589960 / 97765	01.1981-12.2010	94.2	88.6	95.3	94.2	109.1	110.6	106.6	103.9	90.6	88.5	92.2	98.3	1172.1
Flawil	570	733050 / 252940	01.1981-12.2010	73.2	70.3	91.8	94.2	131.0	148.2	154.1	139.4	121.9	86.1	85.7	91.2	1287.1
Flims	1050	740720 / 188600	01.1981-12.2010	97.7	90.3	100.0	89.3	107.0	116.8	135.8	141.8	112.2	83.5	107.0	100.9	1282.3
Flühli, LU	939	644332 / 193311	01.1981-12.2010	118.8	109.9	130.7	131.4	176.7	214.8	201.9	188.1	143.2	117.8	124.3	136.3	1793.9
Frauenfeld	393	709480 / 270170	01.1981-12.2010	64.0	62.6	73.5	80.7	114.2	110.1	112.4	112.6	94.0	83.0	77.4	88.6	1073.1
Fribourg / Posieux	646	575182 / 180076	01.1981-12.2010	57.4	54.9	72.0	83.6	125.5	115.1	112.8	117.0	99.5	91.2	74.3	72.0	1075.3
Frick	345	643355 / 262700	01.1981-12.2010	84.3	76.0	85.1	82.4	102.1	99.7	101.8	102.1	86.0	89.4	85.5	99.8	1094.2
Fruence	809	558860 / 152799	01.1981-12.2010	120.6	109.5	123.8	121.7	153.6	147.8	133.4	153.3	135.5	139.7	119.7	137.1	1595.7
Frutigen	756	616774 / 160884	01.1981-12.2010	87.1	78.6	82.8	88.0	117.3	137.7	148.1	148.4	97.2	80.4	78.9	92.8	1237.3
Fräschels	454	582300 / 205070	01.1981-12.2010	65.0	58.2	68.4	72.0	97.2	96.7	92.7	100.5	93.4	93.5	76.0	85.3	998.9
Gadmen	1190	669750 / 176610	01.1981-12.2010	111.9	117.4	130.7	117.4	158.1	173.0	181.1	178.1	128.6	107.8	120.2	120.0	1644.3
Gempen, SO	585	616260 / 260400	01.1981-12.2010	56.6	56.0	67.5	81.5	120.7	105.1	106.3	102.3	94.7	89.4	74.0	78.4	1032.5
Genève / Aire	376	495935 / 116925	01.1981-12.2010	69.8	59.3	65.1	66.7	80.6	85.0	69.3	75.9	94.4	99.8	84.2	82.7	932.8
Genève / Cointrin	410	498905 / 122632	01.1981-12.2010	75.8	67.8	70.1	71.5	83.7	92.0	78.6	81.7	100.5	104.9	88.5	90.1	1005.2
Giswil	471	657320 / 188980	01.1981-12.2010	79.8	75.3	89.6	87.2	126.9	152.3	156.4	161.4	106.2	85.3	90.0	93.8	1304.2
Glarus	516	723752 / 210568	01.1981-12.2010	86.3	85.0	105.3	97.2	129.9	168.0	198.3	190.5	137.8	95.9	108.1	104.2	1506.5
Grimentz	1512	610768 / 114289	01.1981-12.2010	62.3	53.3	55.1	51.5	78.3	84.6	85.1	91.0	61.1	67.2	57.2	64.7	811.4
Grimsel Hospiz	1980	668583 / 158215	01.1981-12.2010	198.5	170.5	183.8	149.5	154.0	132.6	129.6	134.5	127.8	120.2	174.4	180.9	1856.3
Grindelwald	1158	645793 / 164458	01.1981-12.2010	95.3	93.9	102.6	108.7	142.4	137.3	151.1	158.1	111.0	94.0	96.1	93.9	1384.4
Grono	323	733017 / 124090	01.1981-12.2010	61.9	46.4	73.2	130.3	172.0	163.4	157.5	168.2	170.6	128.8	127.4	76.5	1476.2
Gross, SZ	897	701799 / 218841	01.1981-12.2010	115.0	115.1	146.4	133.5	179.2	212.3	220.4	203.5	163.6	121.7	132.5	136.5	1879.7
Grosshöchstetten	755	616015 / 194885	01.1981-12.2010	71.8	67.6	85.5	98.6	150.4	156.9	155.2	143.2	113.2	92.7	82.7	86.4	1304.2
Gryon	1146	571520 / 125125	01.1981-12.2010	103.0	95.2	103.4	100.8	128.4	139.6	137.4	138.8	109.7	100.5	101.2	114.6	1372.6
Grächen	1605	630739 / 116062	01.1981-12.2010	44.4	38.4	48.4	55.9	74.7	58.6	51.0	60.6	50.6	64.8	53.5	52.1	653.0
Grüningen	535	698752 / 236666	01.1981-12.2010	73.6	70.9	94.0	94.9	131.5	151.0	149.4	150.7	124.1	92.5	91.6	94.6	1318.8
Grüsch	590	766900 / 204900	01.1981-12.2010	97.0	91.2	101.2	80.9	102.1	121.2	139.0	142.4	110.2	78.0	99.9	105.7	1268.8
Gstaad	1045	588260 / 146165	01.1981-12.2010	107.5	105.2	98.2	89.3	124.7	151.0	143.4	144.4	104.0	98.4	97.9	118.2	1382.2
Gsteig, Gstaad	1196	587680 / 136130	01.1981-12.2010	139.9	128.0	126.2	110.0	145.7	173.9	169.0	163.8	124.5	128.1	125.1	150.1	1684.3
Guglera	877	585040 / 177635	01.1981-12.2010	66.6	65.3	89.6	99.7	157.5	153.4	145.5	146.6	124.9	113.6	85.6	86.0	1334.3
Guttannen	1055	665296 / 167601	01.1981-12.2010	116.2	116.8	136.5	139.1	164.4	155.5	156.1	162.2	130.5	112.9	136.7	123.2	1650.1
Göschenen	950	688477 / 171926	01.1981-12.2010	104.5	97.0	108.3	113.8	131.6	108.1	106.6	112.5	110.4	103.9	129.9	103.8	1330.4
Göscheneralp	1745	681250 / 166790	01.1981-12.2010	107.1	102.7	122.5	124.6	156.2	143.4	130.9	147.8	153.7	132.4	140.1	105.8	1567.2
Gösgen	380	640417 / 245937	01.1981-12.2010	69.5	63.0	73.8	76.5	99.0	99.9	105.4	107.1	80.9	79.6	71.6	82.4	1008.7
Gütsch, Andermatt	2283	690050 / 167475	01.1981-12.2010	136.7	118.2	126.5	120.3	132.3	120.3	120.0	131.5	117.5	95.0	117.8	117.1	1453.2
Güttingen	440	738420 / 273960	01.1981-12.2010	53.1	52.1	63.8	70.5	99.8	102.3	108.3	95.5	87.1	70.9	68.9	74.5	946.8
Hallau	419	677456 / 283472	01.1981-12.2010	71.3	60.8	66.5	64.4	86.0	87.3	82.0	70.7	61.1	72.2	60.9	81.3	864.5
Hausen am Albis	590	682060 / 232660	01.1981-12.2010	65.0	67.9	85.9	108.6	153.2	178.1	165.9	158.7	125.1	95.6	90.8	92.9	1387.7
Herbetswil	544	611292 / 238435	01.1981-12.2010	104.1	92.1	96.9	92.7	117.9	114.6	111.3	115.3	97.2	95.5	93.7	116.1	1247.4
Herisau	700	737730 / 250830	01.1981-12.2010	81.7	74.3	104.4	104.0	147.6	167.7	175.4	162.0	132.9	93.7	94.2	97.3	1435.2
Herzogenbuchsee	467	619970 / 227350	01.1981-12.2010	81.3	73.4	81.9	79.9	107.4	115.2	111.7	121.2	99.9	93.6	84.4	98.5	1148.4
Hessigkofen	580	602350 / 221220	01.1981-12.2010	88.1	79.8	82.3	80.5	107.3	105.8	104.6	121.1	99.2	97.1	89.7	105.0	1160.5
Hinterrhein	1611	733900 / 153980	01.1981-12.2010	50.0	36.6	64.5	137.2	196.8	175.4	171.2	184.1	185.6	178.7	150.4	67.3	1597.8
Hinwil	539	703803 / 240755	01.1981-12.2010	72.6	72.0	91.0	101.4	136.6	152.2	153.0	155.3	130.4	95.7	93.7	97.3	1351.2
Hoch-Ybrig	1458	702760 / 207630	01.1981-12.2010	169.8	170.1	207.7	182.3	213.1	270.3	285.0	282.1	203.6	153.8	178.9	187.6	2504.3
Hondrich	760	618525 / 169130	01.1981-12.2010	73.8	73.6	83.8	94.3	140.1	158.8	158.6	162.2	116.3	86.9	82.9	89.5	1320.8
Huttwil	633	630261 / 218189	01.1981-12.2010	86.6	82.4	100.4	98.1	130.5	127.2	128.7	126.3	106.6	98.2	88.5	102.2	1275.7
Hérémence	1218	597356 / 114092	01.1981-12.2010	66.0	59.3	57.1	50.7	68.4	77.2	70.0	78.3	57.3	63.9	62.1	75.7	786.0
Ilanz	698	735685 / 181966	01.1981-12.2010	69.3	63.5	66.1	65.0	84.0	94.7	112.2	116.2	96.2	69.5	87.0	67.8	991.5
Illhart	540	720330 / 275760	01.1981-12.2010	59.5	59.5	69.8	79.5	108.3	101.3	102.2	103.0	93.6	81.7	74.7	84.3	1017.4
Innerferrera	1475	753870 / 154070	01.1981-12.2010	51.7	41.2	56.8	90.3	132.8	153.5	147.2	157.4	140.4	99.8	103.8	60.9	1235.8
Innerthal	903	712019 / 218326	01.1981-12.2010	129.2	128.4	162.5	150.3	208.9	264.2	256.5	255.0	190.5	136.6	148.9	153.2	2184.2
Interlaken	577	633019 / 169093	01.1981-12.2010	73.4	69.5	80.3	87.1	120.6	137.5	139.4	143.6	96.3	78.1	83.8	85.9	1195.5
Isenthal	778	685460 / 196110	01.1981-12.2010	99.3	99.9	115.4	112.3	151.9	189.9	208.3	195.0	140.4	103.3	118.8	111.3	1645.8
Jaun	1030	587520 / 162280	01.1981-12.2010	127.2	117.9	133.9	124.3	160.3	177.6	186.8	168.5	140.4	120.0	136.5	151.1	1744.5
Jona	410	706760 / 231290	01.1981-12.2010	74.5	72.8	95.3	101.2	139.2	166.1	167.1	174.6	140.5	94.9	95.0	98.4	1419.6
Jussy	466	508910 / 120364	01.1981-12.2010	64.5	57.8	70.8	74.4	97.6	97.0	76.5	82.1	99.3	99.4	80.9	80.5	980.8
Kaiserstuhl, AG	361	673300 / 269310	01.1981-12.2010	83.1	77.4	79.8	78.5	109.3	109.0	106.1	97.2	91.2	92.0	82.9	97.6	1104.1
Kalchrain	580	709060 / 274350	01.1981-12.2010	57.7	57.6	68.0	74.1	108.3	104.2	103.8	100.4	89.8	77.3	72.0	79.8	993.0
Kandersteg	1178	618313 / 149198	01.1981-12.2010	71.6	67.6	80.7	81.2	119.4	132.3	147.9	142.6	97.5	81.4	83.4	86.8	1192.4
Kiental	930	622110 / 159075	01.1981-12.2010	74.6	73.1	84.7	91.9	120.3	143.1	146.8	152.8	101.0	80.6	76.9	86.4	1232.2
Kiesen	535	610256 / 185527	01.1981-12.2010	51.6	48.5	61.5	76.5	115.7	121.6	126.9	128.2	88.1	71.3	60.4	67.5	1017.8
Kirchberg, SG	695	719712 / 253684	01.1981-12.2010	95.6	87.9	110.6	95.8	135.3	149.8	145.5	138.5	122.3	103.8	100.7	112.6	1398.4
Kleine Scheidegg	2061	639925 / 159425	01.1981-12.2010	108.9	107.6	129.4	130.4	168.9	177.7	179.4	178.7	125.1	110.4	108.2	106.1	1630.8
Klosters	1186	786857 / 193366	01.1981-12.2010	103.7	89.3	106.6	98.9	112.2	161.3	154.9	172.3	119.3	83.7	105.4	101.3	1408.9
Klöntal	855	718775 / 210700	01.1981-12.2010	106.1	108.1	131.7	117.4	168.9	210.9	253.3	250.3	178.2	121.9	131.9	124.4	1903.1
Koppigen	484	612662 / 218664	01.1981-12.2010	70.7	63.5	74.6	77.3	110.1	113.8	104.8	119.9	97.4	89.5	77.3	88.6	1087.5
Kronberg	1645	742873 / 239565	01.1981-12.2010	107.9	103.0	140.6	129.7	175.5	203.2	219.4	208.8	166.4	111.8	116.2	120.3	1802.8
Kurzeneialp	894	630575 / 207010	01.1981-12.2010	104.8	101.1	125.6	132.8	180.2	174.1	172.1	163.7	133.3	118.2	114.8	122.6	1643.3
Küblis	822	778460 / 198471	01.1981-12.2010	77.9	74.3	79.8	67.8	89.5	118.9	134.7	136.0	101.8	69.5	84.3	84.0	1118.5
Küsnacht, ZH	412	686705 / 240573	01.1981-12.2010	72.0	73.6	88.6	88.3	126.0	141.8	134.0	131.8	105.2	88.7	86.2	93.2	1229.4
Küssnacht am Rigi	502	675328 / 216760	01.1981-12.2010	60.5	63.1	85.8	99.6	144.9	167.8	170.6	173.8	119.8	84.9	83.6	82.8	1337.2
L' Auberson	1096	523852 / 186295	01.1981-12.2010	150.9	138.6	135.5	123.3	155.0	143.8	132.6	136.5	142.0	150.5	148.7	167.1	1724.5
L'Abergement	645	527540 / 178770	01.1981-12.2010	117.7	108.9	104.4	95.6	117.2	105.1	94.4	100.6	104.4	115.4	117.4	136.4	1317.5
La Brévine	1050	536982 / 203974	01.1981-12.2010	144.5	128.1	132.0	116.0	140.8	134.0	130.7	124.8	127.3	130.5	133.6	154.3	1596.6
La Chaux-de-Fonds	1017	550919 / 214861	01.1981-12.2010	107.2	99.2	110.7	98.5	140.9	123.6	125.8	136.4	128.3	123.0	120.1	127.7	1441.4
La Cure	1185	495298 / 146347	01.1981-12.2010	172.0	147.4	151.6	140.1	171.7	154.7	139.9	138.6	149.9	166.9	169.7	192.1	1894.6
La Dôle	1669	497061 / 142362	01.1981-12.2010	174.8	149.0	159.7	127.9	155.3	147.8	137.3	136.6	153.7	181.2	169.0	195.4	1887.7
La Valsainte	1044	580090 / 166314	01.1981-12.2010	108.5	108.0	126.0	132.7	172.1	175.2	169.8	177.9	136.9	126.3	118.8	128.8	1681.0
Lachen / Eggen	930	762030 / 255900	01.1981-12.2010	85.4	80.4	109.2	113.6	149.9	177.8	191.4	177.3	143.7	105.8	111.4	107.4	1553.3
Lachen / Galgenen	468	707637 / 226334	01.1981-12.2010	79.8	79.9	105.3	107.3	145.7	183.4	178.5	181.6	139.6	101.3	96.4	105.3	1504.1
Landquart	537	762680 / 203710	01.1981-12.2010	71.6	71.5	87.3	69.2	87.1	108.7	119.8	129.5	96.1	65.1	87.2	79.6	1072.7
Langenbruck	731	624250 / 244720	01.1981-12.2010	94.1	90.8	99.5	94.1	135.5	126.5	142.7	128.4	106.3	104.9	107.7	111.3	1341.8
Langnau am Albis	579	682205 / 237810	01.1981-12.2010	77.6	76.3	96.9	111.0	145.7	161.5	156.6	149.0	115.8	96.0	99.6	99.9	1385.9
Langnau i.E.	745	628005 / 198792	01.1981-12.2010	79.9	76.8	93.8	101.2	153.8	162.6	155.3	153.5	118.0	97.1	88.9	95.5	1376.4
Laufen	404	606652 / 251464	01.1981-12.2010	66.6	65.1	74.6	82.0	115.1	102.5	107.4	96.6	91.8	86.7	77.4	84.5	1050.3
Laufenburg	329	646357 / 266514	01.1981-12.2010	96.6	83.6	91.5	83.9	108.0	102.4	102.5	100.1	88.5	97.3	96.2	115.5	1166.1
Laupen	483	584946 / 196242	01.1981-12.2010	59.0	56.4	70.9	78.4	105.5	103.9	101.4	108.7	98.2	91.4	73.2	76.9	1023.9
Lausanne	601	538976 / 153256	01.1981-12.2010	83.3	71.2	78.9	87.8	119.0	110.1	97.9	110.2	112.2	115.5	96.6	98.4	1181.1
Lauterbrunnen	815	635851 / 160291	01.1981-12.2010	84.8	78.6	81.2	84.8	114.1	132.9	144.2	142.8	93.4	78.3	84.3	88.0	1207.4
Le Locle	920	547260 / 211730	01.1981-12.2010	131.2	119.8	120.7	110.5	141.1	128.0	125.9	127.4	126.2	121.6	129.2	149.4	1531.0
Le Moléson	1974	567723 / 155072	01.1981-12.2010	38.5	44.1	56.7	67.4	105.3	103.2	112.2	124.4	95.0	74.3	54.8	52.8	928.7
Leibstadt	341	656379 / 272111	01.1981-12.2010	95.0	80.4	84.6	70.8	94.1	84.1	89.8	86.3	77.8	90.5	85.3	106.2	1044.9
Lenzerheide	1400	761860 / 175890	01.1981-12.2010	63.3	56.6	65.1	66.6	97.9	123.2	127.8	141.7	106.2	67.8	77.0	65.8	1059.0
Les Avants	1036	561880 / 145178	01.1981-12.2010	122.8	109.4	130.8	139.1	176.3	181.4	164.5	180.5	153.5	138.1	130.3	132.1	1758.8
Les Bioux	1025	509820 / 163450	01.1981-12.2010	171.5	155.1	154.9	124.5	147.2	136.1	126.7	125.6	130.4	157.9	162.2	188.6	1780.7
Les Brenets	907	544675 / 213685	01.1981-12.2010	127.4	115.9	119.5	107.1	143.0	123.9	129.8	137.6	131.0	124.7	127.2	145.7	1532.8
Les Charbonnières	1045	513821 / 169387	01.1981-12.2010	155.2	138.5	142.0	121.6	147.4	132.7	121.4	127.9	130.0	151.4	151.5	172.3	1691.9
Les Diablerets	1191	579038 / 132867	01.1981-12.2010	137.7	124.4	121.8	108.3	141.9	152.4	155.7	150.9	116.1	116.5	123.3	143.6	1592.6
Les Marécottes	990	567375 / 107577	01.1981-12.2010	135.1	121.8	116.7	88.0	95.8	104.4	103.8	113.5	84.9	113.9	111.6	152.8	1342.3
Les Ponts-de-Martel	1052	545887 / 205407	01.1981-12.2010	134.6	118.8	127.4	112.7	140.5	127.6	128.6	126.4	122.0	130.0	129.2	153.9	1551.7
Leukerbad	1286	614083 / 135090	01.1981-12.2010	120.0	112.7	98.0	69.0	94.5	103.5	102.2	116.4	81.6	91.4	99.8	131.5	1220.6
Linthal / Tierfehd	810	717770 / 193170	01.1981-12.2010	126.4	122.0	143.0	129.0	153.9	173.2	195.6	198.8	162.8	118.2	146.3	133.0	1802.2
Locarno / Monti	366	704160 / 114350	01.1981-12.2010	70.7	58.7	95.7	186.2	220.7	198.4	178.2	209.5	236.1	189.9	162.3	90.2	1896.6
Lohn, SH	585	692910 / 289775	01.1981-12.2010	72.4	64.0	69.0	66.9	91.1	90.8	91.8	88.3	72.0	79.8	66.5	91.0	943.6
Longirod	900	509387 / 150106	01.1981-12.2010	111.7	99.2	96.1	88.9	113.5	100.1	93.0	103.4	110.2	127.8	117.6	131.9	1293.4
Lorzentobel	536	684590 / 226110	01.1981-12.2010	68.3	72.2	95.8	114.3	158.1	178.6	183.8	178.4	136.6	101.5	95.6	98.2	1481.4
Lugano	273	717874 / 95884	01.1981-12.2010	66.2	52.3	79.7	155.9	196.1	164.1	153.2	158.5	184.8	141.5	126.8	79.9	1559.0
Lungern	740	655275 / 181800	01.1981-12.2010	123.7	115.2	115.6	101.0	138.6	164.3	166.6	170.0	112.4	97.1	112.9	126.5	1543.9
Luthern	767	636465 / 212020	01.1981-12.2010	100.9	96.7	114.9	113.7	150.8	153.7	146.6	149.2	116.6	110.6	103.2	121.3	1478.2
Luzern	454	665540 / 209848	01.1981-12.2010	51.1	53.6	74.0	88.1	128.3	153.7	150.6	146.4	107.2	75.6	72.6	71.5	1172.7
Madiswil	542	627198 / 223330	01.1981-12.2010	82.6	77.1	90.1	86.8	112.0	117.6	121.4	117.7	99.2	93.9	84.3	100.0	1182.7
Magadino / Cadenazzo	203	715480 / 113162	01.1981-12.2010	70.0	58.7	91.2	188.3	227.3	185.9	164.0	178.2	219.6	186.1	173.3	89.4	1832.0
Magglingen	883	583037 / 221115	01.1981-12.2010	126.6	108.3	118.3	96.5	118.0	117.1	110.9	117.6	107.2	126.0	115.0	143.9	1405.4
Malbun	1610	764704 / 219182	01.1981-12.2010	96.7	94.4	129.8	111.4	140.7	193.0	218.2	216.2	162.6	106.9	106.3	109.8	1686.0
Marbach, LU	864	635347 / 189680	01.1981-12.2010	112.7	105.9	126.3	133.6	185.6	204.0	204.0	188.7	139.7	119.7	119.8	128.2	1768.2
Marsens	714	571758 / 167317	01.1981-12.2010	79.5	77.1	90.7	98.0	132.4	129.1	113.7	129.7	105.6	107.5	90.9	94.3	1248.5
Martigny	461	570920 / 106546	01.1981-12.2010	79.7	74.3	66.5	57.6	63.6	71.8	69.4	79.2	58.8	70.5	69.5	94.0	854.9
Martina	1041	830464 / 196986	01.1981-12.2010	44.6	41.8	44.8	36.1	64.1	77.5	101.0	104.7	58.1	55.3	57.4	47.0	732.4
Meiringen	588	655844 / 175930	01.1981-12.2010	89.2	84.3	99.6	94.2	138.1	152.7	155.1	168.5	109.3	87.8	98.5	97.4	1374.7
Merishausen	525	687800 / 290270	01.1981-12.2010	81.3	71.0	76.4	71.2	98.7	95.4	100.7	94.1	69.6	80.3	68.5	99.0	1006.2
Mervelier	540	603884 / 243975	01.1981-12.2010	77.6	75.0	90.8	97.3	133.4	120.2	124.2	117.6	102.7	96.9	90.4	94.7	1220.8
Mesocco	830	737850 / 139825	01.1981-12.2010	66.9	49.5	76.3	131.5	178.0	171.5	161.4	163.2	166.7	138.8	129.3	80.4	1513.5
Mogelsberg	766	728219 / 247007	01.1981-12.2010	76.1	74.6	101.0	94.9	141.0	153.5	169.7	156.0	130.5	88.6	88.4	90.8	1365.1
Monstein	1633	778426 / 176003	01.1981-12.2010	61.2	55.6	60.2	63.3	92.0	121.7	129.2	137.3	94.8	69.5	80.0	64.3	1029.1
Montagne du Droit	1170	561830 / 222150	01.1981-12.2010	127.7	117.8	125.3	118.7	153.7	145.9	132.0	149.1	141.2	143.0	133.7	149.9	1638.0
Montagnier, Bagnes	839	583492 / 102189	01.1981-12.2010	76.9	62.7	64.5	61.0	76.5	76.7	75.9	78.8	62.6	69.0	66.8	80.9	852.3
Montana	1427	601706 / 127482	01.1981-12.2010	64.2	52.8	46.6	40.0	58.0	62.3	63.4	70.5	48.4	54.5	57.0	74.4	692.1
Montenol	692	578420 / 244825	01.1981-12.2010	83.0	78.0	90.3	93.4	138.7	110.8	111.5	118.3	104.3	100.5	96.9	105.6	1231.3
Morbio Superiore	440	722750 / 80075	01.1981-12.2010	78.0	65.2	87.3	162.8	196.7	149.7	134.8	150.9	175.0	158.5	157.6	94.2	1610.7
Morges	374	528774 / 152105	01.1981-12.2010	83.4	75.1	78.4	74.7	100.0	90.1	83.4	87.1	91.2	105.7	87.2	99.9	1056.2
Morgins	1340	554720 / 120680	01.1981-12.2010	153.4	134.7	142.3	119.8	159.1	181.4	171.0	165.1	145.0	152.8	142.1	176.5	1843.2
Mormont	535	569727 / 254223	01.1981-12.2010	84.9	82.7	96.3	86.7	119.0	93.6	96.9	102.3	96.2	102.8	96.4	109.5	1167.3
Mosen	453	660128 / 232851	01.1981-12.2010	64.9	63.7	75.8	73.9	116.2	120.5	116.5	119.2	90.3	83.9	71.8	80.8	1077.5
Mosogno	771	692803 / 117050	01.1981-12.2010	79.4	70.2	103.3	220.7	247.8	185.9	159.3	211.2	291.4	227.5	191.9	94.9	2083.5
Mottec	1580	614325 / 110730	01.1981-12.2010	61.0	56.0	63.7	59.2	87.5	90.7	82.5	90.3	63.4	67.3	62.6	66.0	850.2
Moudon	561	551320 / 169590	01.1981-12.2010	79.9	71.2	82.2	81.0	109.8	100.8	96.4	105.7	97.3	106.3	85.3	97.5	1113.4
Moutier	579	594939 / 235698	01.1981-12.2010	79.0	75.0	83.9	83.6	112.1	104.3	107.9	106.4	95.6	91.6	83.0	95.7	1118.1
Muri, AG	577	667276 / 235323	01.1981-12.2010	70.7	69.9	83.9	89.3	131.9	134.0	128.6	128.8	97.3	87.3	83.4	91.6	1196.7
Murten	433	576991 / 199048	01.1981-12.2010	66.1	61.6	73.6	74.5	96.3	96.4	93.8	101.8	91.1	92.6	75.8	84.3	1007.9
Möhlin	344	633053 / 269147	01.1981-12.2010	69.4	68.6	79.6	82.3	110.0	102.2	102.5	97.4	94.8	92.4	84.0	97.7	1080.9
Mühleberg	479	587788 / 202478	01.1981-12.2010	58.7	55.1	68.3	75.4	107.3	110.7	102.2	109.4	93.6	89.6	73.3	77.6	1021.2
Mülligen	367	660530 / 256440	01.1981-12.2010	74.2	70.2	78.1	77.5	105.4	107.2	105.6	99.2	83.3	86.7	81.4	89.3	1058.1
Mürren	1645	634700 / 156410	01.1981-12.2010	109.7	95.7	110.4	113.5	145.2	155.4	171.9	165.9	116.0	94.4	102.5	108.9	1489.5
Müstair	1248	831185 / 169358	01.1981-12.2010	26.3	21.7	33.7	48.9	70.2	77.7	94.2	86.3	64.5	71.0	62.4	39.2	696.1
Napf	1403	638133 / 206079	01.1981-12.2010	104.2	102.3	128.1	125.8	190.8	189.5	188.0	182.5	142.4	117.4	112.0	124.7	1707.7
Nesselboden	1055	605295 / 232697	01.1981-12.2010	154.8	144.4	148.5	123.4	148.4	141.4	137.4	153.5	129.4	138.9	139.9	176.7	1736.7
Neuchâtel	485	563087 / 205560	01.1981-12.2010	69.8	63.1	69.0	67.8	88.1	87.0	84.6	103.4	92.9	88.6	74.5	88.7	977.5
Niederneunforn	440	700860 / 272510	01.1981-12.2010	54.3	52.9	60.6	68.4	95.3	95.2	94.7	94.4	80.9	71.9	65.2	72.6	906.4
Nyon / Changins	455	506880 / 139573	01.1981-12.2010	83.6	72.8	69.8	67.0	86.2	82.7	77.5	77.7	91.8	102.1	91.2	96.1	998.5
Oberiberg	1075	701841 / 210464	01.1981-12.2010	129.2	129.9	160.3	134.6	180.2	226.1	242.9	229.7	172.9	124.8	143.1	149.2	2022.9
Obstalden	689	730891 / 219537	01.1981-12.2010	100.3	98.8	123.7	109.5	142.7	179.5	198.8	196.0	143.4	107.8	120.4	125.6	1646.5
Olivone	958	715465 / 154865	01.1981-12.2010	70.9	58.4	75.2	129.5	163.4	141.3	139.6	161.9	150.2	134.5	126.2	84.2	1435.3
Opfikon	424	684614 / 254698	01.1981-12.2010	76.5	73.6	86.5	88.3	127.2	121.9	119.8	118.3	98.8	91.3	88.8	96.9	1187.9
Orbe	437	531550 / 176420	01.1981-12.2010	64.8	58.0	58.4	60.0	82.5	84.1	79.5	82.2	82.0	81.9	70.2	79.0	882.6
Orsières	929	577022 / 96695	01.1981-12.2010	67.7	55.0	59.1	54.3	71.3	70.9	71.7	72.0	61.0	69.2	61.3	72.3	785.8
Orzens	623	542135 / 174815	01.1981-12.2010	67.9	55.6	66.1	70.5	93.9	89.9	85.1	95.4	90.9	90.5	77.2	79.5	962.5
Otelfingen	435	671520 / 257080	01.1981-12.2010	76.7	69.8	83.2	82.6	113.4	113.3	115.1	102.1	91.0	89.0	84.5	93.4	1114.1
Passo del Bernina	2260	798422 / 143020	01.1981-12.2010	108.5	82.7	109.9	164.6	174.9	159.9	146.1	149.1	152.2	178.0	186.9	125.1	1737.9
Payerne	490	562127 / 184612	01.1981-12.2010	52.7	46.9	60.4	67.9	90.2	90.4	87.5	95.2	84.3	86.1	63.6	65.5	890.7
Payerne / Ville	448	561615 / 187040	01.1981-12.2010	60.8	54.8	66.9	71.6	89.4	92.1	87.0	98.1	85.1	91.7	67.7	75.3	940.5
Pfäffikon, ZH	540	700555 / 246928	01.1981-12.2010	67.9	68.5	85.1	94.7	125.6	137.2	135.3	134.3	111.9	88.6	85.9	87.9	1222.9
Pigniu	1325	727950 / 185715	01.1981-12.2010	80.1	73.0	79.7	73.2	98.4	110.8	121.3	136.2	112.3	82.2	97.2	83.6	1148.0
Pilatus	2106	661910 / 203410	01.1981-12.2010	201.5	195.0	207.2	208.4	162.3	168.8	163.3	172.4	124.0	106.3	162.6	208.8	2080.6
Piotta	990	695888 / 152261	01.1981-12.2010	73.9	61.0	79.9	133.2	170.5	143.6	132.4	142.0	161.6	148.8	130.2	79.5	1456.6
Piz Corvatsch	3302	783151 / 143522	01.1981-12.2010	78.6	73.2	81.1	102.5	142.8	150.3	143.3	130.6	97.3	96.7	111.9	86.5	1294.8
Plaffeien	1042	586808 / 177400	01.1981-12.2010	61.1	54.0	76.7	90.2	148.6	147.0	141.8	152.0	120.9	105.5	76.5	78.4	1252.7
Pleigne	738	587683 / 251978	01.1981-12.2010	83.7	80.5	96.6	97.4	133.3	112.2	109.1	108.6	100.4	103.8	100.0	106.9	1232.5
Ponte Tresa	274	710110 / 91630	01.1981-12.2010	72.9	62.6	93.8	184.0	232.6	173.8	168.1	167.4	212.4	188.3	169.2	85.7	1810.8
Pontresina	1774	788643 / 151847	01.1981-12.2010	36.7	27.1	36.7	51.8	86.3	95.6	94.3	98.0	79.3	78.4	79.4	44.9	808.5
Poschiavo / Robbia	1078	801850 / 136180	01.1981-12.2010	47.9	32.9	50.0	80.7	112.9	109.2	111.8	110.0	106.9	118.8	103.6	72.1	1056.8
Pully	455	540811 / 151514	01.1981-12.2010	77.1	66.7	77.9	86.8	116.8	112.3	92.3	110.0	114.3	113.3	92.9	92.2	1152.6
Punt la Drossa	1713	810566 / 170638	01.1981-12.2010	47.6	38.4	45.6	56.8	89.0	93.5	104.9	109.1	73.1	83.1	82.9	54.9	878.9
Reigoldswil	602	617700 / 249870	01.1981-12.2010	80.3	76.4	91.1	101.9	131.6	119.2	128.2	110.9	103.2	97.8	90.7	102.2	1233.5
Rempen	650	710610 / 221850	01.1981-12.2010	103.0	106.8	136.7	128.0	170.9	214.9	212.8	210.7	164.2	118.9	125.7	131.0	1823.6
Ricken	785	721600 / 236075	01.1981-12.2010	114.2	113.1	145.3	140.4	177.8	204.7	208.6	207.9	168.9	123.4	134.1	138.0	1876.4
Riedholz / Wallierhof	518	609394 / 231491	01.1981-12.2010	118.5	107.7	103.9	90.0	121.8	112.4	121.5	138.9	108.2	116.1	110.4	138.1	1387.5
Riehen	260	613930 / 269300	01.1981-12.2010	46.6	44.6	52.2	62.2	95.5	87.0	82.7	77.1	73.4	71.2	59.3	66.6	818.4
Riex	461	546080 / 149410	01.1981-12.2010	91.3	79.4	90.6	96.6	122.8	124.2	104.2	124.0	120.6	116.5	104.2	104.0	1278.4
Robièi	1896	682588 / 144091	01.1981-12.2010	144.6	130.8	161.9	270.8	291.2	194.2	161.2	186.9	255.4	264.6	211.8	146.4	2419.8
Romont	692	561476 / 172622	01.1981-12.2010	78.9	71.8	87.8	94.2	120.5	122.8	109.4	123.2	104.9	109.2	90.0	95.9	1208.6
Rothenbrunnen	622	751220 / 181300	01.1981-12.2010	50.3	45.9	57.0	55.8	79.5	93.5	113.7	112.3	88.8	61.9	73.2	56.0	887.9
Rünenberg	611	633246 / 253846	01.1981-12.2010	52.6	52.4	65.7	77.5	116.7	104.7	112.7	107.7	93.7	81.9	71.4	72.0	1009.0
S. Bernardino	1638	734112 / 147296	01.1981-12.2010	77.8	54.8	83.0	148.8	189.3	164.4	164.3	168.4	175.9	159.7	142.8	92.5	1621.7
Saas Fee	1796	638236 / 106762	01.1981-12.2010	51.9	44.3	61.5	84.3	110.3	78.0	56.5	67.7	78.7	95.3	83.3	56.6	868.4
Safien Platz	1296	743556 / 171437	01.1981-12.2010	60.4	52.2	63.1	71.5	99.8	120.3	133.9	138.2	111.6	76.9	83.3	59.6	1070.8
Saignelégier	883	565379 / 234076	01.1981-12.2010	128.7	120.1	122.8	111.3	155.6	126.2	129.5	135.2	126.1	128.3	126.3	144.8	1554.9
Salen-Reutenen	718	719099 / 279047	01.1981-12.2010	56.3	53.7	67.8	75.7	104.6	106.0	106.1	105.0	88.5	78.1	66.1	77.7	985.6
Salez / Saxerriet	436	755558 / 233374	01.1981-12.2010	67.5	65.7	86.9	78.6	110.2	132.6	162.5	161.7	119.8	76.4	85.1	81.9	1228.9
Samedan	1708	787250 / 155685	01.1981-12.2010	28.2	20.4	26.4	39.3	77.7	90.1	92.7	99.1	73.3	68.1	61.4	36.4	713.1
Sangernboden	1035	593220 / 173905	01.1981-12.2010	92.0	92.0	108.1	118.4	162.2	178.4	171.4	165.0	133.9	115.6	101.0	112.7	1550.7
Sargans	590	752046 / 213364	01.1981-12.2010	90.6	86.8	110.4	89.7	108.5	133.0	147.8	160.8	120.5	81.4	102.3	102.6	1334.4
Sarnen	475	661580 / 193690	01.1981-12.2010	60.6	59.8	73.0	82.7	122.9	152.4	149.2	156.7	102.0	77.4	72.8	72.7	1182.2
Sattel, SZ	790	690999 / 215145	01.1981-12.2010	103.3	99.8	133.5	132.4	172.5	213.0	218.5	214.4	159.1	116.6	126.9	125.0	1815.0
Savognin	1172	765387 / 162663	01.1981-12.2010	46.1	39.2	50.0	63.3	86.9	110.0	115.3	117.8	94.1	71.7	79.2	54.3	927.9
Schaan	444	755510 / 228260	01.1981-12.2010	61.5	57.9	75.3	66.4	96.3	123.8	142.6	151.4	110.0	70.2	74.6	70.3	1100.3
Schaffhausen	438	688698 / 282796	01.1981-12.2010	66.4	59.1	65.1	63.8	87.8	92.3	94.7	85.8	72.4	76.9	63.5	78.8	906.6
Schleitheim	499	678225 / 288730	01.1981-12.2010	72.0	61.1	62.8	65.4	89.4	89.2	91.7	78.7	67.9	77.4	60.8	84.1	900.5
Schwarzenburg	806	593150 / 184720	01.1981-12.2010	68.6	66.8	89.4	100.0	153.8	143.0	141.2	139.0	116.6	103.8	86.3	87.1	1295.6
Schwarzenegg	902	621687 / 183860	01.1981-12.2010	62.5	60.1	78.2	91.4	141.7	159.6	157.1	159.2	113.9	84.2	79.1	73.8	1260.8
Schwyz	479	691646 / 208412	01.1981-12.2010	96.4	101.2	131.4	122.1	163.3	190.3	207.1	207.9	147.4	107.7	122.1	120.6	1717.5
Schwägalp	1348	742180 / 235650	01.1981-12.2010	173.5	169.9	218.0	188.3	233.6	262.0	280.2	271.5	223.3	165.6	183.6	185.5	2555.0
Schänis	415	719940 / 225580	01.1981-12.2010	84.3	85.0	114.4	123.2	161.6	202.5	209.4	210.0	162.6	111.1	113.5	113.2	1690.8
Scudellate	925	724175 / 86850	01.1981-12.2010	58.5	46.8	70.2	148.0	174.3	140.0	113.7	130.1	152.8	132.9	121.3	71.9	1360.5
Scuol	1303	817135 / 186393	01.1981-12.2010	36.6	33.2	35.8	37.2	62.2	79.3	91.2	102.4	61.5	62.6	61.0	43.3	706.3
Sedrun	1429	699974 / 169845	01.1981-12.2010	97.3	85.8	90.8	90.6	122.3	112.8	119.4	135.3	125.0	94.0	119.0	90.2	1282.5
Seengen	445	656680 / 242110	01.1981-12.2010	78.4	74.1	83.5	81.1	117.3	114.1	114.0	110.9	92.0	87.3	81.0	92.6	1126.3
Segl-Maria	1804	778575 / 144976	01.1981-12.2010	47.7	35.7	51.1	70.0	104.9	113.6	114.3	124.0	101.1	95.2	92.0	61.0	1010.6
Sempach	532	657433 / 220760	01.1981-12.2010	60.1	57.6	74.6	82.0	129.2	135.9	132.7	131.9	99.1	78.5	69.1	75.0	1125.7
Semsales	873	561110 / 158430	01.1981-12.2010	106.7	99.0	113.3	113.7	149.9	145.1	129.3	139.3	132.7	135.8	115.1	126.2	1506.1
Sevelen	457	755605 / 221302	01.1981-12.2010	75.7	76.1	95.7	78.5	111.3	146.9	174.1	170.8	128.0	83.9	92.2	87.7	1320.9
Siebnen	452	710821 / 225538	01.1981-12.2010	82.3	84.6	107.8	107.0	150.6	188.0	191.1	193.4	144.0	102.7	102.5	108.3	1562.3
Sierre	536	609138 / 127458	01.1981-12.2010	66.6	54.6	50.5	40.8	51.7	56.0	53.0	61.8	45.2	57.6	60.0	74.3	672.1
Sihlbrugg	549	686318 / 230586	01.1981-12.2010	68.7	72.1	91.0	107.7	146.1	172.1	165.0	161.6	128.8	94.9	92.4	95.0	1395.4
Simplon-Dorf	1465	647683 / 116340	01.1981-12.2010	66.1	56.3	75.2	141.6	168.3	105.1	74.6	85.3	120.4	149.9	127.8	81.8	1252.4
Sion	482	591630 / 118575	01.1981-12.2010	50.9	46.6	42.0	35.3	48.7	54.0	57.8	57.2	43.8	51.5	51.5	64.0	603.3
Sissach	380	627500 / 257130	01.1981-12.2010	61.2	59.1	71.9	76.3	111.7	103.6	107.7	102.3	94.3	82.6	73.8	80.7	1025.2
Soglio	1086	761393 / 134474	01.1981-12.2010	55.3	41.6	69.0	129.3	167.1	160.6	149.7	158.9	157.5	141.0	130.0	72.0	1432.0
Sonogno	912	703822 / 134052	01.1981-12.2010	85.6	79.1	100.9	202.1	243.4	204.4	204.0	231.1	267.5	226.9	184.2	104.9	2134.1
Splügen	1460	744420 / 157435	01.1981-12.2010	68.9	52.7	74.7	116.8	146.8	144.8	154.4	160.1	154.5	127.7	130.7	73.4	1405.5
St. Antönien	1456	781634 / 205103	01.1981-12.2010	107.9	101.7	121.0	90.2	121.4	158.0	169.8	179.6	125.9	83.8	105.9	121.3	1486.5
St. Gallen	775	747865 / 254588	01.1981-12.2010	58.7	57.4	84.1	100.3	142.7	152.9	171.9	164.4	134.9	88.9	87.7	79.8	1323.7
St. Peterzell	700	731250 / 242140	01.1981-12.2010	105.2	103.0	129.7	116.0	153.6	178.9	193.5	184.2	149.5	107.8	110.9	124.4	1656.7
St. Urban	491	631125 / 230015	01.1981-12.2010	87.2	79.0	88.6	85.9	110.7	112.1	114.3	119.7	99.8	93.9	84.5	102.4	1178.1
Sta. Maria, Val Müstair	1383	828861 / 165580	01.1981-12.2010	25.4	22.0	34.8	51.1	72.5	90.0	105.4	101.6	77.2	78.5	63.0	38.0	759.5
Stabio	353	716050 / 77966	01.1981-12.2010	73.5	63.2	82.4	155.8	191.4	135.6	114.5	146.1	162.3	151.1	150.9	88.1	1514.9
Stalden / Ackersand	700	633630 / 121150	01.1981-12.2010	37.8	28.5	40.0	45.9	59.3	48.7	39.7	50.0	42.8	55.9	51.0	45.5	545.1
Stallikon	754	680340 / 239850	01.1981-12.2010	70.2	67.3	81.9	99.6	141.7	147.2	135.5	134.6	110.4	90.0	86.7	88.7	1253.8
Stans	438	668918 / 202459	01.1981-12.2010	61.9	63.0	82.7	98.2	139.9	164.7	170.7	171.9	117.9	82.7	83.3	80.4	1317.3
Starkenbach	897	737313 / 227576	01.1981-12.2010	136.9	120.8	161.6	131.1	166.3	197.8	221.1	217.7	168.8	125.7	135.7	143.0	1926.5
Steckborn	399	715200 / 280150	01.1981-12.2010	61.5	59.2	65.4	72.3	96.4	95.0	98.3	92.6	79.1	75.3	65.7	80.9	941.7
Stiegelschwand	1467	607270 / 148550	01.1981-12.2010	129.3	118.6	125.8	105.9	142.4	166.1	178.0	171.0	121.7	105.9	115.4	144.0	1624.1
Stöckalp	1070	664320 / 183550	01.1981-12.2010	110.0	109.6	130.2	132.3	174.6	194.1	200.7	209.0	138.2	110.4	126.0	125.3	1760.4
Sulgen	445	731025 / 267175	01.1981-12.2010	57.4	57.7	71.2	77.8	114.5	116.8	116.5	117.1	103.3	74.9	73.4	80.8	1061.4
Susch	1416	802002 / 181593	01.1981-12.2010	52.8	46.0	47.4	52.2	78.0	106.8	109.0	118.1	79.4	68.2	74.3	55.7	887.9
Säntis	2502	744200 / 234920	01.1981-12.2010	254.7	222.0	268.3	204.0	203.6	233.1	284.8	276.1	223.0	176.1	226.5	264.6	2836.8
Tafers	654	583020 / 185350	01.1981-12.2010	62.1	58.4	77.6	90.2	127.8	119.4	116.4	123.6	103.2	92.9	78.2	76.9	1126.7
Tamins	667	750155 / 188614	01.1981-12.2010	80.7	74.4	81.6	73.2	94.2	115.1	129.6	134.2	104.7	75.8	96.7	83.3	1143.5
Tavanasa	800	722750 / 178980	01.1981-12.2010	83.5	72.2	80.2	79.2	101.8	107.1	122.7	129.6	114.7	89.6	98.6	81.5	1160.7
Teufen, AR	834	747784 / 250409	01.1981-12.2010	79.2	78.3	108.9	113.4	160.3	180.6	189.6	185.4	153.4	103.2	105.5	101.0	1558.8
Thun	570	611201 / 177640	01.1981-12.2010	44.9	42.9	54.2	66.5	106.0	123.3	128.6	129.5	87.3	64.7	55.2	55.6	958.7
Thusis	672	753155 / 175089	01.1981-12.2010	47.1	38.5	48.0	57.8	80.1	96.6	112.8	119.5	94.0	68.4	77.3	48.6	888.7
Tiefencastel	890	763205 / 170350	01.1981-12.2010	39.2	31.5	39.9	46.9	78.0	102.1	108.5	119.9	86.7	58.3	62.3	43.5	816.8
Torricella / Crana	1002	712695 / 103746	01.1981-12.2010	80.9	67.1	110.7	224.4	280.7	230.7	188.6	202.2	259.2	223.5	186.1	98.4	2152.5
Tour de Gourze	915	546450 / 151240	01.1981-12.2010	90.2	80.1	89.7	94.7	127.8	126.6	103.5	131.3	123.9	120.4	104.0	103.2	1295.4
Trogen	975	752170 / 251770	01.1981-12.2010	86.0	84.4	115.4	124.6	163.7	192.6	199.9	191.9	161.7	106.9	115.5	111.7	1654.3
Trun	834	719985 / 178224	01.1981-12.2010	78.0	70.9	74.8	80.6	102.4	103.5	114.4	119.9	109.8	87.0	100.1	77.9	1119.3
Tschiertschen	1273	765538 / 187679	01.1981-12.2010	63.5	57.2	67.1	67.9	100.2	126.2	138.4	147.8	111.0	71.3	78.3	69.3	1098.2
Ulrichen	1345	666740 / 150760	01.1981-12.2010	105.9	90.0	99.8	98.6	125.6	94.8	83.5	96.6	93.9	103.6	115.4	104.4	1212.1
Unterkulm	454	650838 / 241212	01.1981-12.2010	88.0	83.2	93.2	87.2	120.4	119.3	117.8	115.3	97.7	94.5	88.7	103.5	1208.8
Unterschächen	1470	701900 / 192000	01.1981-12.2010	116.2	123.6	144.9	133.7	163.3	192.4	205.3	209.4	153.3	111.4	138.3	124.8	1816.6
Urnerboden	1395	712650 / 195250	01.1981-12.2010	104.9	99.7	127.9	121.4	156.0	204.6	249.7	242.1	174.8	114.6	128.6	111.7	1836.0
Urnäsch	825	739205 / 241765	01.1981-12.2010	118.3	112.6	148.9	137.3	180.8	195.6	210.9	203.6	164.2	117.0	127.0	138.8	1855.0
Uster	438	694712 / 245206	01.1981-12.2010	70.3	70.8	83.6	88.9	121.6	135.6	129.5	126.1	100.2	86.7	82.4	89.9	1185.6
Vaduz	457	757719 / 221697	01.1981-12.2010	40.1	37.3	55.5	53.7	83.4	112.2	134.3	138.5	99.4	60.8	56.9	50.7	922.8
Valeyres-sous-Rances	512	530230 / 178350	01.1981-12.2010	76.7	70.7	68.8	62.3	88.6	85.4	76.4	80.9	86.9	86.4	79.5	90.4	953.0
Vallorbe	748	519400 / 174060	01.1981-12.2010	127.3	112.7	111.1	103.3	125.2	122.3	109.3	101.5	109.5	124.2	120.5	142.6	1409.5
Vals	1242	734016 / 165552	01.1981-12.2010	58.5	47.1	64.6	90.5	119.5	121.2	134.8	138.2	134.9	100.4	104.7	66.1	1180.5
Vella	1245	732650 / 175670	01.1981-12.2010	62.7	57.1	67.6	75.0	100.8	102.7	118.6	125.7	104.8	74.5	89.8	63.5	1042.8
Vevey / Corseaux	405	552106 / 146847	01.1981-12.2010	85.4	76.5	88.2	96.9	128.4	127.3	117.2	128.3	117.4	112.8	94.7	97.3	1270.4
Vicosoprano	1089	768485 / 135866	01.1981-12.2010	70.5	52.8	75.9	139.7	167.8	144.8	142.6	150.0	143.4	144.2	142.3	90.3	1464.3
Villars-Tiercelin	859	544198 / 163651	01.1981-12.2010	108.5	94.4	107.4	104.7	134.7	126.5	115.4	130.7	124.6	140.6	115.5	128.4	1431.4
Vira, Gambarogno	199	709400 / 111680	01.1981-12.2010	70.2	58.8	95.6	189.5	230.7	192.5	154.8	186.1	217.1	187.9	170.8	88.5	1842.5
Visp	639	631149 / 128020	01.1981-12.2010	53.2	43.1	49.5	46.0	55.0	43.7	42.5	45.8	41.1	56.6	56.9	62.2	595.6
Vrin	1384	727424 / 168526	01.1981-12.2010	60.1	50.2	68.7	83.1	111.5	124.2	148.9	148.0	121.0	82.9	85.8	62.6	1147.0
Vättis	939	752732 / 197282	01.1981-12.2010	79.0	72.9	80.1	61.3	91.7	116.7	132.7	138.1	102.9	71.4	89.6	80.0	1116.4
Wahlendorf	760	592250 / 205940	01.1981-12.2010	82.6	78.1	91.1	90.9	116.8	113.5	107.7	122.1	102.8	105.5	91.3	104.8	1207.2
Wald / Tanne	1075	757025 / 254230	01.1981-12.2010	59.7	60.2	87.9	93.6	136.5	165.9	185.0	173.0	141.0	87.2	88.8	78.7	1357.5
Waldegg	550	676900 / 246180	01.1981-12.2010	67.3	65.4	80.3	88.0	124.2	130.7	123.4	119.7	96.9	85.9	82.7	86.5	1151.0
Wangen b. Olten	435	633280 / 242760	01.1981-12.2010	69.7	69.1	74.2	72.1	97.0	99.2	102.6	104.3	88.2	83.3	73.9	91.0	1024.6
Wasen im Emmental	770	627850 / 210550	01.1981-12.2010	85.0	84.9	103.3	119.6	169.4	169.4	162.6	166.4	128.5	108.6	103.3	103.5	1504.5
Weesen	425	724983 / 221383	01.1981-12.2010	102.7	101.5	131.2	120.5	146.9	184.1	201.8	200.6	150.9	104.3	120.5	122.5	1687.5
Weinfelden	477	726403 / 269983	01.1981-12.2010	57.8	56.7	68.0	71.6	107.1	99.8	105.1	102.8	90.9	72.3	69.2	78.8	980.1
Weissfluhjoch	2691	780615 / 189634	01.1981-12.2010	98.9	89.7	96.1	83.1	115.0	165.0	181.7	192.5	119.3	78.1	96.5	95.1	1411.0
Weisstannen	1010	744900 / 205820	01.1981-12.2010	92.7	86.4	112.4	96.5	120.0	153.9	172.9	179.5	129.5	92.7	105.4	101.7	1443.6
Widnau	411	766485 / 248850	01.1981-12.2010	55.2	56.0	74.4	82.8	121.2	146.7	162.3	151.5	118.5	79.7	80.5	75.8	1204.6
Wil, ZH	406	680340 / 273225	01.1981-12.2010	85.1	77.6	82.1	79.3	101.4	102.7	97.4	91.3	81.5	88.8	82.2	98.3	1067.7
Wilchingen	420	677050 / 280200	01.1981-12.2010	79.6	69.0	72.9	66.9	88.6	91.4	88.7	84.5	72.4	82.5	71.0	93.4	960.9
Wildhaus	998	746129 / 229568	01.1981-12.2010	101.7	94.6	128.7	104.3	151.7	177.9	213.4	204.9	154.2	109.0	112.7	118.2	1671.3
Wimmis	648	617229 / 168864	01.1981-12.2010	87.7	82.7	94.4	105.1	142.8	160.5	166.6	158.7	112.6	89.9	97.4	97.8	1396.2
Winterthur / Seen	506	699845 / 259054	01.1981-12.2010	75.2	72.9	85.5	87.3	115.3	112.6	118.6	112.8	96.8	86.8	84.6	94.6	1143.0
Wittnau	463	639941 / 258983	01.1981-12.2010	80.5	72.4	88.5	86.0	114.1	106.5	110.5	111.2	90.6	90.1	87.6	98.8	1136.8
Witzwil	433	570636 / 205385	01.1981-12.2010	67.1	62.5	68.1	67.5	90.7	92.1	86.7	104.9	91.4	91.4	77.1	88.2	987.7
Wynau	422	626400 / 233850	01.1981-12.2010	81.3	73.1	81.0	76.3	106.5	105.7	109.5	119.3	102.1	96.0	81.5	97.1	1129.4
Wädenswil	485	693847 / 230744	01.1981-12.2010	81.5	77.1	98.7	99.7	135.3	154.7	152.4	164.1	127.0	100.0	98.0	101.9	1390.4
Yverdon-les-Bains	433	539855 / 181540	01.1981-12.2010	67.6	59.7	63.0	63.1	86.9	86.6	84.2	87.2	90.6	88.8	75.0	81.4	934.1
Zermatt	1638	624350 / 97560	01.1981-12.2010	42.4	35.2	38.2	45.7	74.3	67.0	54.9	64.9	55.4	59.9	55.8	44.9	638.6
Zernez	1470	802721 / 175275	01.1981-12.2010	48.7	39.8	38.5	40.7	66.7	83.9	91.6	102.6	64.2	56.8	67.5	49.9	750.9
Zervreila	1738	728780 / 159993	01.1981-12.2010	78.0	63.4	81.6	98.9	132.6	142.1	152.3	158.8	140.1	102.7	109.6	77.9	1338.0
Zofingen	417	636390 / 238480	01.1981-12.2010	81.3	78.2	83.5	78.1	106.7	110.6	113.8	111.3	97.0	91.8	86.1	101.8	1140.2
Zugerberg	920	682975 / 222000	01.1981-12.2010	59.9	57.2	80.9	97.7	145.2	180.0	173.5	175.8	127.4	88.0	77.6	78.6	1341.8
Zweisimmen	1015	595870 / 155480	01.1981-12.2010	106.4	98.8	95.9	87.8	123.9	139.5	152.8	142.0	103.9	92.0	93.6	115.3	1351.9
Zwillikon	461	675138 / 238165	01.1981-12.2010	55.3	56.1	70.6	85.7	129.3	135.4	139.3	132.8	102.5	79.9	71.2	76.1	1134.2
Zürich / Affoltern	443	681428 / 253546	01.1981-12.2010	61.4	59.9	74.3	79.1	114.1	116.2	112.3	105.8	90.2	84.1	77.5	79.0	1053.9
Zürich / Fluntern	555	685117 / 248066	01.1981-12.2010	62.8	63.8	78.5	83.4	122.5	127.7	123.7	124.3	99.2	86.2	78.7	82.7	1133.5
Zürich / Kloten	426	682710 / 259339	01.1981-12.2010	64.9	59.9	73.5	73.7	108.5	110.4	114.6	107.9	90.4	86.8	76.4	80.7	1047.7

