1000	1.8772444426831498e-23
1010	1.9603130982980777e-23
1020	2.0246943375197982e-23
1030	2.0702205520062872e-23
1040	2.0976506934187944e-23
1050	2.108457348940179e-23
1060	2.104565595701921e-23
1070	2.0881812631802385e-23
1080	2.0616444813205648e-23
1090	2.0272350388533095e-23
1100	1.9870231395556024e-23
1110	1.942811963914232e-23
1120	1.8961480307913212e-23
1130	1.8704847894078117e-23
1140	1.8512101461487016e-23
1150	1.8313856967242257e-23
1160	1.8113081741655165e-23
1170	1.791228722361127e-23
1180	1.7713446262760722e-23
1190	1.7517923874695914e-23
1200	1.7326706261450956e-23
1210	1.7140349380299513e-23
1220	1.695898736893246e-23
1230	1.6782312367548905e-23
1240	1.6609265807251147e-23
1250	1.643837763170826e-23
1260	1.6269094539336203e-23
1270	1.6101737059125964e-23
1280	1.5936949086943708e-23
1290	1.57754060535414e-23
1300	1.561849436469805e-23
1310	1.546844830323191e-23
1320	1.5328272965151973e-23
1330	1.5201341781023697e-23
1340	1.509133324364034e-23
1350	1.500170723662366e-23
1360	1.493562322262363e-23
1370	1.4896129904954105e-23
1380	1.4886049786267603e-23
1390	1.4907771936483563e-23
1400	1.4962794531242677e-23
1410	1.5052142819355801e-23
1420	1.5175699236933647e-23
1430	1.533201806150014e-23
1440	1.5519343665850594e-23
1450	1.5735313617582833e-23
1460	1.5977378304604335e-23
1470	1.624225315685716e-23
1480	1.6526545935403697e-23
1490	1.6826493006584292e-23
1500	1.7138213161611814e-23
1510	1.745816922894458e-23
1520	1.7782745410768482e-23
1530	1.810840859447067e-23
1540	1.84311872437961e-23
1550	1.8747463604917308e-23
1560	1.905407393228778e-23
1570	1.93477985711149e-23
1580	1.9625257620144014e-23
1590	1.9880104366250164e-23
1600	2.0107806426352792e-23
1610	2.0305741425122704e-23
1620	2.0472153860069038e-23
1630	2.0604769772559666e-23
1640	2.070066144633388e-23
1650	2.0754569552693488e-23
1660	2.0762201744310826e-23
1670	2.0722897245721254e-23
1680	2.0636072166188936e-23
1690	2.0501258015597946e-23
1700	2.0318379615172032e-23
1710	2.0087462043822067e-23
1720	1.981088859424324e-23
1730	1.9492339791504943e-23
1740	1.9132377446499992e-23
1750	1.8733687835857446e-23
1760	1.830034743787996e-23
1770	1.783625835298482e-23
1780	1.7345465408013484e-23
1790	1.6832910832969896e-23
1800	1.63040425477189e-23
1810	1.5765769827622164e-23
1820	1.5222784131896913e-23
1830	1.468044915812196e-23
1840	1.4144669991878478e-23
1850	1.3621142835703892e-23
1860	1.311578952306868e-23
1870	1.2634666254209949e-23
1880	1.2183454835997408e-23
1890	1.176758931313837e-23
1900	1.1391890521525892e-23
1910	1.1060213329586708e-23
1920	1.077831706054105e-23
1930	1.0552139598530273e-23
1940	1.0384590310012771e-23
1950	1.0277072437845437e-23
1960	1.0232947916729808e-23
1970	1.0255356456390436e-23
1980	1.0349265600714317e-23
1990	1.0523872909813679e-23
2000	1.0786183299683071e-23
2010	1.1145697036953205e-23
2020	1.1614396820306794e-23
2030	1.2189876565151614e-23
2040	1.2847742546608031e-23
2050	1.3579384711851358e-23
2060	1.4386361663936433e-23
2070	1.526672645859506e-23
2080	1.6220201692703163e-23
2090	1.724441387518181e-23
2100	1.833423622748192e-23
2110	1.9451994041920264e-23
2120	2.0580678219379643e-23
2130	2.1737278900172816e-23
2140	2.2937425943673056e-23
2150	2.4085705441706613e-23
2160	2.512446459544856e-23
2170	2.6074562538493042e-23
2180	2.69617831527171e-23
2190	2.778517329003464e-23
2200	2.8541965282694527e-23
2210	2.92282225937497e-23
2220	2.983763680812962e-23
2230	3.0364434024648556e-23
2240	3.080422606695058e-23
2250	3.11534238062498e-23
2260	3.140895998014667e-23
2270	3.156885266472069e-23
2280	3.163264069395348e-23
2290	3.160099791824379e-23
2300	3.1475679096757034e-23
2310	3.126031472610889e-23
2320	3.0958792798474755e-23
2330	3.0573811121733376e-23
2340	3.010925253908079e-23
2350	2.9571557252405044e-23
2360	2.8967353049713303e-23
2370	2.830898812882453e-23
2380	2.7621623651302096e-23
2390	2.6924706804827594e-23
2400	2.6220020574024698e-23
2410	2.550930927447963e-23
2420	2.4799636876773928e-23
2430	2.409855237766558e-23
2440	2.340812078935877e-23
2450	2.2727276262702852e-23
2460	2.2061653381210212e-23
2470	2.141744790906193e-23
2480	2.0806745185748964e-23
2490	2.023962053882896e-23
2500	1.9719655725654542e-23
2510	1.9242876496056228e-23
2520	1.8804831908827518e-23
2530	1.8404998620230323e-23
2540	1.8038055510092985e-23
2550	1.7716421629033236e-23
2560	1.7439679245720883e-23
2570	1.7207642688253126e-23
2580	1.6987915980671378e-23
2590	1.6761424759840174e-23
2600	1.6576413109466711e-23
2610	1.6467550607384637e-23
2620	1.6420898488143826e-23
2630	1.638810320345109e-23
2640	1.6340482766449922e-23
2650	1.6269415068909636e-23
2660	1.6169872257118838e-23
2670	1.6038059466320104e-23
2680	1.587372275567474e-23
2690	1.567838569829493e-23
2700	1.5453941038787606e-23
2710	1.5202572896847878e-23
2720	1.4925644056572833e-23
2730	1.4625792229865033e-23
2740	1.4306194231856815e-23
2750	1.396995426794275e-23
2760	1.362007633640196e-23
2770	1.325958929692628e-23
2780	1.2891652382996624e-23
2790	1.2518686806156102e-23
2800	1.2142798503513229e-23
2810	1.176784785233038e-23
2820	1.1399382926342124e-23
2830	1.1042105422397534e-23
2840	1.0698425872239223e-23
2850	1.0370743361453115e-23
2860	1.0062231573688736e-23
2870	9.768391629343027e-24
2880	9.473218569307769e-24
2890	9.169885385314377e-24
2900	8.874590461244756e-24
2910	8.616570887764215e-24
2920	8.404495439528149e-24
2930	8.244576846019069e-24
2940	8.14328022496319e-24
2950	8.10918528158568e-24
2960	8.152931278865059e-24
2970	8.276565800094633e-24
2980	8.469674471232368e-24
2990	8.72170339715417e-24
3000	9.006778191785075e-24
3010	9.305515650759332e-24
3020	9.609832568910434e-24
3030	9.918030612391046e-24
3040	1.0232661098326897e-23
3050	1.0559941195275078e-23
3060	1.0889556931626553e-23
3070	1.1211425776900615e-23
3080	1.1527934228919719e-23
3090	1.18390332982061e-23
3100	1.214293573302153e-23
3110	1.2438935443151228e-23
3120	1.2726297421812639e-23
3130	1.3003363194416895e-23
3140	1.3268374082430904e-23
3150	1.35203994018521e-23
3160	1.3758619872308548e-23
3170	1.3981448522432732e-23
3180	1.4186901551266003e-23
3190	1.437438793350692e-23
3200	1.4540812380205307e-23
3210	1.468632272331822e-23
3220	1.4811305411575007e-23
3230	1.4916223160713034e-23
3240	1.5001123033563605e-23
3250	1.5065398529357842e-23
3260	1.5108891634905226e-23
3270	1.513203587553262e-23
3280	1.513495394265307e-23
3290	1.511864784248532e-23
3300	1.508370399596492e-23
3310	1.5030634893067663e-23
3320	1.4960095803257417e-23
3330	1.487228070722135e-23
3340	1.4767608823389347e-23
3350	1.4646690720076315e-23
3360	1.4510271720436876e-23
3370	1.4359144894056153e-23
3380	1.4194287833134234e-23
3390	1.4016476330075864e-23
3400	1.3826451534556196e-23
3410	1.3625053013690664e-23
3420	1.3413175026854798e-23
3430	1.3191679453408125e-23
3440	1.2961405241101117e-23
3450	1.2723185594201345e-23
3460	1.247785152933717e-23
3470	1.2226087623482044e-23
3480	1.1968510340235628e-23
3490	1.1705824341249373e-23
3500	1.1438697714111695e-23
3510	1.1167409788474362e-23
3520	1.0892233147033245e-23
3530	1.0614604881307241e-23
3540	1.0337288572713873e-23
3550	1.006138293451706e-23
3560	9.786603272787612e-24
3570	9.51174807980424e-24
3580	9.236385578784251e-24
3590	8.961118495602861e-24
3600	8.687176277870475e-24
3610	8.417082148101387e-24
3620	8.154931360226873e-24
3630	7.905174792758614e-24
3640	7.669013175405865e-24
3650	7.445932843539202e-24
3660	7.23589881367767e-24
3670	7.039047916801816e-24
3680	6.85524140523811e-24
3690	6.680629510530347e-24
3700	6.513641016427606e-24
3710	6.3798420707302536e-24
3720	6.28207297223089e-24
3730	6.1931239375546806e-24
3740	6.111208044548701e-24
3750	6.0364521967110925e-24
3760	5.968195424296064e-24
3770	5.905187920307544e-24
3780	5.846621089267473e-24
3790	5.7926557614723606e-24
3800	5.743794723855479e-24
3810	5.699485560854312e-24
3820	5.659084902945601e-24
3830	5.62199010576382e-24
3840	5.589079808810133e-24
3850	5.561589256686372e-24
3860	5.5384943878103464e-24
3870	5.5212320816718064e-24
3880	5.5121684701605586e-24
3890	5.507022591684882e-24
3900	5.504021201979513e-24
3910	5.5010442761104934e-24
3920	5.49682821345345e-24
3930	5.491390379374631e-24
3940	5.485457024529348e-24
3950	5.478317621911853e-24
3960	5.468941558413208e-24
3970	5.456917432499931e-24
3980	5.441268604752585e-24
3990	5.4218531520254076e-24
4000	5.398649561244422e-24