Département fédéral de l'intérieur DFI
Office fédéral de météorologie et de climatologie
MétéoSuisse

Date de création: 02.01.2018 / Date de validation: cf. date de création

Valeurs mensuelles Jours avec précipitations (>= 1mm) / nombre / Normales 1981-2010

Station	Altitude [m]	Coordonnées CH	Période de référence	Jan	Fév	Mar	Avr	Mai	Jun	Jul	Aoû	Sep	Oct	Nov	Dec	Ann.
Aadorf / Tänikon	539	710515 / 259821	01.1981-12.2010	10.3	10.0	11.8	11.3	12.7	12.1	11.9	11.7	9.8	9.6	10.4	11.7	133.3
Aarberg	493	588051 / 209518	01.1981-12.2010	11.0	9.9	11.0	10.2	12.4	10.8	10.3	10.6	9.5	10.5	10.3	10.8	127.3
Acquarossa / Comprovasco	575	714998 / 146440	01.1981-12.2010	5.4	4.9	6.1	8.4	11.4	10.2	8.8	9.8	7.7	8.5	7.6	6.5	95.3
Adelboden	1326	609350 / 149001	01.1981-12.2010	10.6	10.1	12.2	12.2	14.6	14.4	14.0	13.4	10.8	10.3	10.4	11.1	144.1
Affeltrangen	479	719070 / 265660	01.1981-12.2010	10.8	9.9	11.7	11.3	12.4	12.4	12.3	11.8	9.9	10.0	10.8	11.9	135.2
Affoltern i. E.	755	622940 / 212500	01.1981-12.2010	11.4	10.8	12.3	12.0	13.7	12.6	11.8	11.6	10.0	10.8	11.4	12.1	140.5
Aigle	381	560401 / 130713	01.1981-12.2010	9.5	7.8	9.5	9.1	11.8	11.2	10.7	10.4	9.0	9.9	9.4	9.5	117.8
Airolo	1139	688910 / 153400	01.1981-12.2010	9.1	7.6	8.2	10.2	12.5	10.1	9.5	11.0	8.4	10.0	9.9	9.1	115.6
Allenwinden, TG	865	713800 / 249550	01.1981-12.2010	12.7	11.7	14.0	12.9	14.0	14.1	13.5	13.0	11.3	11.3	12.7	14.2	155.4
Alpthal	1015	696860 / 212930	01.1981-12.2010	12.4	11.7	14.8	13.5	14.6	15.7	14.8	14.3	12.3	10.9	12.1	13.7	160.8
Altdorf	438	690174 / 193558	01.1981-12.2010	9.2	8.7	10.8	10.3	12.5	14.0	13.7	12.9	10.2	8.7	9.7	10.1	130.8
Altmatt	920	695420 / 220770	01.1981-12.2010	12.0	11.0	14.1	12.9	14.0	14.9	13.9	13.4	11.4	10.1	11.7	12.4	151.8
Altstätten, SG	430	759910 / 250202	01.1981-12.2010	11.5	10.0	13.1	12.1	13.2	14.5	13.7	13.3	11.3	9.6	11.4	12.6	146.3
Alvaneu Dorf	1170	769168 / 171945	01.1981-12.2010	7.6	6.9	8.3	8.4	11.1	11.7	12.1	12.2	8.9	8.3	9.0	8.4	112.9
Amriswil	420	741796 / 268304	01.1981-12.2010	10.0	9.3	11.0	11.5	12.3	12.8	12.1	11.6	9.9	9.6	10.4	11.9	132.4
Andeer	987	752687 / 164036	01.1981-12.2010	6.5	5.4	6.8	7.7	10.1	10.6	10.7	11.1	8.3	7.5	8.0	6.9	99.6
Andelfingen	382	693810 / 273070	01.1981-12.2010	10.0	9.5	11.0	10.7	12.3	11.6	11.4	11.0	9.5	10.3	10.3	12.0	129.6
Andermatt	1438	687444 / 165044	01.1981-12.2010	11.9	11.0	13.4	13.1	13.7	13.4	12.6	12.4	10.6	10.5	11.8	12.2	146.6
Appenzell	750	748012 / 245040	01.1981-12.2010	11.6	10.7	13.8	12.7	14.5	15.1	14.5	14.3	11.6	10.2	11.7	13.1	153.8
Arbon	401	750506 / 263115	01.1981-12.2010	9.6	8.8	10.9	10.9	12.1	12.6	12.0	11.7	9.9	9.3	9.9	10.9	128.6
Arisdorf	480	625310 / 261860	01.1981-12.2010	10.9	10.3	12.1	11.4	13.5	11.8	11.3	11.3	9.8	11.3	11.5	13.0	138.2
Arosa	1878	771030 / 184826	01.1981-12.2010	11.2	9.7	12.5	12.4	13.7	15.1	13.8	13.9	11.0	9.4	11.7	11.3	145.7
Avenches	446	569367 / 192283	01.1981-12.2010	10.0	9.0	10.1	9.9	12.4	10.7	10.3	10.1	8.8	10.7	10.2	11.0	123.2
Avers / Am Bach	2000	761985 / 146785	01.1981-12.2010	7.7	7.0	8.7	10.2	12.7	12.5	11.9	12.0	9.6	9.4	9.7	8.6	120.0
Bad Ragaz	496	756910 / 209351	01.1981-12.2010	9.1	7.8	10.7	9.9	11.8	12.9	12.8	13.5	9.5	8.4	9.7	9.6	125.7
Balsthal	523	621017 / 241091	01.1981-12.2010	11.2	10.6	11.8	11.4	12.9	11.9	11.4	10.9	9.7	10.8	11.1	12.5	136.2
Barmelweid	770	640180 / 252446	01.1981-12.2010	12.4	10.9	12.7	12.1	13.4	12.5	12.1	11.7	10.1	11.0	12.0	13.6	144.5
Basel / Binningen	316	610911 / 265601	01.1981-12.2010	9.3	8.4	9.8	10.2	12.4	10.9	10.2	9.9	8.8	10.1	10.0	10.4	120.4
Baulmes	642	530050 / 182450	01.1981-12.2010	12.0	11.0	11.7	10.7	13.3	11.2	10.1	10.2	9.2	11.5	11.3	12.2	134.4
Bauma	667	710805 / 247005	01.1981-12.2010	12.1	11.4	13.4	12.6	13.5	13.8	13.6	13.2	11.3	10.7	11.7	13.7	151.0
Bellelay	923	579603 / 234880	01.1981-12.2010	12.8	11.9	13.5	12.2	15.1	12.9	12.2	12.0	10.5	12.2	12.5	14.2	152.0
Bellinzona	224	720913 / 116588	01.1981-12.2010	5.0	4.3	5.7	9.9	13.0	10.3	8.8	9.8	8.2	8.5	7.9	6.6	98.0
Belp	510	605082 / 195001	01.1981-12.2010	10.4	9.6	11.1	11.0	12.8	11.6	11.0	10.9	9.0	10.0	10.0	10.5	127.9
Benken / Doggen	408	715387 / 227540	01.1981-12.2010	10.9	10.2	12.9	11.9	13.1	14.5	13.8	13.7	11.5	9.9	10.9	12.1	145.4
Bergün / Latsch	1407	777273 / 166619	01.1981-12.2010	8.3	7.5	9.5	9.5	11.4	12.9	12.6	12.9	9.8	8.2	9.0	8.8	120.4
Bern / Zollikofen	552	601930 / 204410	01.1981-12.2010	9.6	9.0	10.6	10.4	12.6	11.1	10.8	10.7	8.9	10.4	10.2	9.9	124.2
Bernina / Curtinatsch	2090	795795 / 146486	01.1981-12.2010	6.1	5.4	6.5	8.1	11.0	11.0	10.9	11.3	8.2	8.6	7.9	6.9	101.9
Beromünster	642	657200 / 228760	01.1981-12.2010	11.1	10.4	12.5	11.8	13.5	13.2	12.0	11.5	10.2	10.5	10.9	12.0	139.6
Bex	402	565806 / 121511	01.1981-12.2010	9.7	8.4	9.8	9.5	11.8	11.8	10.9	10.7	8.7	9.7	9.3	9.8	120.1
Beznau	327	659975 / 267750	01.1981-12.2010	11.3	9.5	11.8	10.1	12.8	11.2	10.9	10.2	9.2	10.5	10.8	12.3	130.6
Beznau	325	659808 / 267694	01.1981-12.2010	10.9	9.6	11.5	10.0	12.6	11.0	11.1	10.5	8.9	10.1	10.7	12.1	129.0
Biasca	278	718550 / 132800	01.1981-12.2010	5.5	5.0	5.8	8.8	11.1	10.3	8.9	9.4	8.3	8.5	7.8	6.6	96.0
Biel/Bienne	433	586260 / 218840	01.1981-12.2010	10.7	10.0	10.7	10.2	12.2	10.8	10.6	10.6	8.8	10.8	10.5	11.5	127.4
Binn	1479	657996 / 135422	01.1981-12.2010	8.7	8.5	8.8	9.6	11.1	10.3	9.7	10.5	8.0	8.7	9.9	10.0	113.8
Bischofszell	470	735325 / 262285	01.1981-12.2010	10.1	9.3	11.4	11.1	12.0	12.9	12.1	11.7	10.2	9.3	9.9	11.1	131.1
Bisisthal	785	705770 / 200450	01.1981-12.2010	12.0	11.1	14.6	13.6	14.3	16.6	15.7	15.7	12.7	10.4	12.4	13.2	162.3
Bivio	1856	771282 / 148120	01.1981-12.2010	8.8	8.3	10.7	11.0	12.4	12.4	11.7	11.6	10.1	9.4	10.4	9.7	126.5
Bière	683	515889 / 153207	01.1981-12.2010	11.6	10.2	11.0	10.3	12.7	10.3	9.8	9.5	9.0	11.3	10.8	11.8	128.3
Blatten, Lötschental	1538	629564 / 141084	01.1981-12.2010	10.2	9.4	10.1	8.9	11.2	11.2	11.0	11.1	9.3	9.8	9.5	10.4	122.1
Blumenstein	655	606260 / 177010	01.1981-12.2010	10.6	9.6	11.5	11.6	14.0	13.5	12.9	12.3	10.6	10.4	10.4	11.0	138.4
Boltigen	892	596077 / 164296	01.1981-12.2010	11.1	10.0	11.9	12.0	14.2	13.5	13.3	12.7	10.7	10.5	10.5	11.8	142.2
Bosco/Gurin	1486	680879 / 130027	01.1981-12.2010	8.2	7.1	8.2	11.3	14.4	11.3	9.9	11.0	9.4	10.2	9.8	8.4	119.2
Boudevilliers	750	558095 / 208130	01.1981-12.2010	11.4	10.7	11.3	10.5	13.0	11.6	10.6	10.3	9.1	11.3	10.7	12.7	133.2
Bourg-St-Pierre	1664	582155 / 88270	01.1981-12.2010	9.4	8.1	9.7	8.7	11.2	10.9	10.2	10.4	8.4	8.9	8.8	9.6	114.3
Braggio	1315	729975 / 128600	01.1981-12.2010	5.2	4.7	5.6	9.2	12.2	10.7	9.8	10.6	8.1	8.3	8.0	6.3	98.7
Braunau	592	723115 / 264787	01.1981-12.2010	11.0	10.1	12.7	12.4	13.0	13.4	13.2	12.4	10.9	10.4	11.0	12.7	143.2
Braunwald	1299	717942 / 199651	01.1981-12.2010	12.7	11.7	15.1	13.5	14.6	16.3	15.6	15.8	12.5	10.9	12.8	13.4	164.9
Brienz	567	647552 / 176803	01.1981-12.2010	10.2	9.4	11.3	10.7	13.0	14.3	13.7	13.7	10.5	9.8	10.6	11.2	138.4
Brig	665	640567 / 129069	01.1981-12.2010	7.5	6.3	6.2	6.0	8.0	7.3	7.1	7.9	5.9	7.0	7.3	7.6	84.1
Brissago	280	698200 / 108390	01.1981-12.2010	5.1	4.4	5.7	10.0	12.6	9.6	7.4	9.3	8.7	9.0	8.1	6.3	96.2
Bristen	784	696223 / 180373	01.1981-12.2010	10.4	9.8	12.8	12.5	13.7	15.0	14.0	14.0	11.4	10.2	10.8	10.9	145.5
Broc	680	574670 / 162100	01.1981-12.2010	9.9	9.2	10.7	11.0	13.5	12.1	11.2	11.4	9.5	10.7	10.3	11.1	130.6
Brusio	856	806477 / 127184	01.1981-12.2010	4.4	4.2	5.7	8.6	12.1	10.7	10.1	10.1	7.7	8.6	6.7	5.2	94.1
Brülisau	933	752743 / 240475	01.1981-12.2010	12.0	10.7	14.3	13.3	14.6	16.0	15.0	14.7	12.0	10.6	12.1	13.5	158.8
Buch, SH	414	700944 / 286039	01.1981-12.2010	9.8	8.7	10.3	9.6	11.3	11.0	10.8	10.6	8.4	10.0	9.7	10.9	121.1
Buchs / Aarau	386	648389 / 248365	01.1981-12.2010	10.6	9.1	11.0	11.1	12.3	12.0	11.5	11.0	9.2	10.1	10.3	11.5	129.7
Buffalora	1968	816494 / 170225	01.1981-12.2010	7.0	5.8	7.4	9.1	11.2	11.3	11.3	11.0	8.8	8.3	8.1	7.4	106.7
Bullet / La Frétaz	1205	534221 / 188081	01.1981-12.2010	11.8	10.4	11.7	11.6	13.6	12.2	10.8	10.9	9.6	11.7	11.0	12.0	137.3
Burgdorf	534	612163 / 211782	01.1981-12.2010	10.8	10.1	11.3	10.7	12.5	11.0	11.1	10.8	9.0	10.4	10.4	11.1	129.2
Bözberg	536	652249 / 259223	01.1981-12.2010	11.5	10.0	11.8	11.1	12.8	11.9	11.1	11.0	9.7	10.8	10.9	12.4	135.0
Bülach	402	682010 / 263780	01.1981-12.2010	10.3	9.3	11.2	10.9	12.0	11.6	11.5	10.5	9.3	10.3	10.3	11.8	129.0
Camedo	590	690296 / 112207	01.1981-12.2010	5.7	5.2	6.4	10.1	13.5	10.4	8.4	10.0	8.6	8.9	8.1	6.6	101.9
Campocologno	535	808650 / 123700	01.1981-12.2010	4.3	3.9	5.5	8.1	10.7	10.0	9.3	9.5	7.4	8.4	6.5	5.1	88.7
Cavaglia	1706	799850 / 138470	01.1981-12.2010	6.3	5.9	7.1	9.8	12.8	11.2	10.9	11.4	8.6	9.7	8.8	7.2	109.7
Cevio	417	689688 / 130565	01.1981-12.2010	6.3	5.8	6.8	10.2	13.0	10.5	9.3	10.2	8.3	9.6	8.6	7.5	106.1
Cham	442	677758 / 226878	01.1981-12.2010	9.8	9.5	11.7	11.4	12.7	13.3	12.7	11.9	9.9	9.7	10.2	11.0	133.8
Chanéaz	758	546800 / 175580	01.1981-12.2010	10.5	9.3	10.1	9.8	12.2	10.7	9.5	9.8	8.7	10.8	10.7	11.2	123.3
Chasseral	1599	570847 / 220158	01.1981-12.2010	11.2	9.9	12.0	11.6	14.8	12.9	11.9	11.7	10.6	12.5	11.2	12.4	142.7
Chaumont	1136	565060 / 211006	01.1981-12.2010	12.0	11.1	12.2	11.2	13.7	12.0	11.2	11.0	9.7	11.6	11.9	12.7	140.3
Chavornay	439	531887 / 172741	01.1981-12.2010	9.6	8.5	9.4	8.8	12.4	10.3	9.3	9.9	8.7	10.2	9.7	10.3	117.1
Chur	556	759466 / 193153	01.1981-12.2010	7.3	6.6	8.1	7.5	9.9	11.2	11.0	11.2	8.4	7.0	8.5	7.9	104.6
Château-d'Oex	1029	577040 / 147655	01.1981-12.2010	11.0	9.8	11.7	11.2	13.9	13.1	12.1	12.1	10.2	10.6	10.6	11.5	137.8
Cimetta	1661	704433 / 117452	01.1981-12.2010	5.1	5.0	6.2	10.9	13.2	10.5	9.2	10.6	9.1	9.7	8.5	6.8	104.8
Col des Mosses	1412	573818 / 137852	01.1981-12.2010	11.0	10.1	11.6	10.9	14.4	13.5	12.3	12.6	10.4	10.3	10.4	11.6	139.1
Col du Grand St-Bernard	2472	579200 / 79720	01.1981-12.2010	13.6	12.0	14.3	14.9	16.0	13.2	12.0	12.3	10.9	12.3	13.3	14.0	158.8
Coldrerio	347	721080 / 79235	01.1981-12.2010	5.5	5.0	6.1	10.6	12.0	9.7	6.9	9.0	8.1	9.0	8.2	6.6	96.7
Combe-Garot	532	551220 / 201450	01.1981-12.2010	11.8	10.7	11.8	11.3	13.1	11.7	10.7	10.8	9.4	11.6	10.6	12.0	135.5
Cossonay	590	527563 / 162465	01.1981-12.2010	9.8	8.4	9.2	8.9	12.2	9.6	9.2	9.4	8.3	10.3	9.9	10.5	115.7
Courtelary	695	573623 / 225597	01.1981-12.2010	12.1	11.1	12.5	12.2	14.2	12.9	12.1	11.5	10.1	11.9	12.2	13.7	146.5
Courtepin	565	576280 / 189930	01.1981-12.2010	10.5	9.7	10.9	11.1	12.6	11.0	10.4	10.4	9.2	10.4	10.5	11.0	127.7
Couvet	728	540607 / 198345	01.1981-12.2010	12.2	11.0	12.1	12.0	14.0	12.2	11.6	11.0	9.9	11.9	11.7	13.0	142.6
Davos	1594	783514 / 187458	01.1981-12.2010	8.8	7.6	9.7	9.6	11.9	13.6	13.2	13.5	9.9	8.0	9.4	9.5	124.7
Degersheim	830	732600 / 247600	01.1981-12.2010	11.8	10.8	13.7	12.6	13.8	14.7	13.6	13.6	11.6	10.3	11.6	12.9	151.0
Delémont	439	593269 / 244543	01.1981-12.2010	10.5	9.6	10.9	10.6	13.2	11.7	11.2	10.9	9.2	10.7	10.8	11.2	130.5
Diessenhofen	405	696730 / 283130	01.1981-12.2010	10.0	9.0	10.6	9.7	11.6	11.5	11.6	11.0	9.0	10.0	10.2	11.4	125.6
Dietikon	384	672890 / 251865	01.1981-12.2010	10.7	9.2	11.6	11.2	12.5	12.0	11.8	11.4	9.8	10.1	10.4	11.7	132.4
Dischma	1710	786600 / 182990	01.1981-12.2010	9.1	8.5	10.3	9.9	12.4	13.2	13.2	13.7	10.5	8.2	10.1	9.7	128.8
Disentis	1197	708189 / 173789	01.1981-12.2010	8.4	7.8	9.3	8.9	11.8	11.9	11.4	12.5	9.5	8.8	9.4	9.0	118.7
Ebnat-Kappel	623	726347 / 237176	01.1981-12.2010	12.3	11.2	14.3	12.7	14.0	14.6	14.3	13.9	11.4	10.4	12.1	13.3	154.5
Echallens	603	537455 / 166430	01.1981-12.2010	10.1	9.3	10.2	9.4	12.2	10.4	9.6	9.8	9.0	10.5	10.3	10.6	121.4
Effretikon	478	695336 / 254992	01.1981-12.2010	11.1	9.9	12.4	11.4	12.3	12.3	12.1	11.7	10.2	9.9	10.5	12.3	136.1
Eggersriet	814	752170 / 256280	01.1981-12.2010	11.6	10.4	13.4	12.2	13.8	14.2	14.0	13.1	11.5	10.1	11.4	13.1	148.8
Egolzwil	521	642913 / 225540	01.1981-12.2010	10.6	9.8	11.3	11.3	12.8	11.8	11.2	10.9	9.4	10.0	10.0	11.2	130.3
Ehrendingen	428	667846 / 262266	01.1981-12.2010	11.4	9.9	11.5	11.1	12.7	12.0	11.5	11.1	9.8	10.5	11.1	12.4	135.0
Eigenthal	1114	659340 / 203880	01.1981-12.2010	12.5	11.5	14.6	13.8	15.4	15.2	14.2	14.1	12.1	11.6	12.3	13.4	160.7
Einsiedeln	910	699984 / 221069	01.1981-12.2010	12.2	11.5	14.9	13.2	14.6	14.9	14.3	13.5	11.9	10.4	11.9	13.4	156.7
Elm	958	732265 / 198425	01.1981-12.2010	11.2	10.1	13.5	12.7	15.0	15.8	15.1	15.3	12.2	10.5	11.9	11.8	155.1
Engelberg	1035	674157 / 186097	01.1981-12.2010	11.4	10.4	13.6	12.9	14.9	15.9	15.2	14.3	12.0	10.3	11.4	11.7	154.0
Entlebuch	768	647935 / 204165	01.1981-12.2010	11.5	10.7	13.6	12.9	14.8	14.5	13.0	12.6	10.5	11.0	11.3	12.4	148.8
Eptingen	565	628720 / 248410	01.1981-12.2010	12.0	11.0	12.9	11.8	13.6	12.2	11.7	11.9	9.7	11.1	11.6	12.7	142.2
Eriswil	740	631120 / 214600	01.1981-12.2010	11.2	10.9	12.4	12.2	14.1	12.8	12.0	12.0	10.2	10.9	11.4	12.1	142.2
Erlenbach im Simmental	683	608350 / 167300	01.1981-12.2010	11.1	9.8	11.8	11.4	14.6	14.2	12.8	12.6	10.3	10.4	10.3	11.6	140.9
Ermatingen	400	723880 / 281420	01.1981-12.2010	10.7	9.8	11.4	10.6	11.6	11.5	11.9	10.9	9.5	9.8	10.4	12.0	130.1
Eschenz	414	707865 / 278227	01.1981-12.2010	10.1	9.2	11.2	10.5	11.3	11.3	11.1	10.8	9.0	9.9	10.3	11.4	126.1
Eschlikon	578	715699 / 256836	01.1981-12.2010	11.4	10.7	12.4	11.7	12.9	12.6	12.5	12.3	10.3	9.9	11.0	12.7	140.4
Escholzmatt	910	638120 / 195100	01.1981-12.2010	12.1	11.3	13.4	13.3	14.8	14.9	13.6	12.8	10.6	11.0	11.7	12.7	152.2
Euthal	910	704729 / 217363	01.1981-12.2010	12.2	11.5	14.5	13.5	15.0	16.0	15.0	14.3	12.1	10.4	12.1	13.6	160.2
Evolène / Villa	1825	605415 / 106740	01.1981-12.2010	8.2	7.2	8.6	7.5	11.1	10.3	10.3	11.0	8.3	7.4	7.5	8.2	105.6
Fahy	596	562458 / 252676	01.1981-12.2010	11.4	10.5	11.8	11.0	13.5	11.5	10.7	10.3	9.9	11.8	11.5	12.4	136.3
Faido	747	704950 / 148266	01.1981-12.2010	7.1	6.7	7.5	9.3	11.9	10.1	8.9	10.5	8.2	9.2	9.0	7.6	106.0
Fieschertal	1175	653990 / 142082	01.1981-12.2010	8.1	7.9	8.3	7.7	9.8	9.1	8.2	9.6	7.7	8.2	8.7	9.0	102.3
Filisur	1030	772250 / 171320	01.1981-12.2010	7.6	6.5	7.3	8.0	10.2	11.5	11.7	11.7	8.8	7.8	8.6	8.0	107.7
Finhaut	1242	564160 / 103590	01.1981-12.2010	10.0	8.5	9.9	9.2	11.8	11.4	11.6	11.8	9.3	10.0	9.6	10.1	123.2
Fionnay	1500	589960 / 97765	01.1981-12.2010	10.4	9.8	11.4	10.4	12.9	12.6	11.7	11.3	9.5	9.9	9.9	10.5	130.3
Flawil	570	733050 / 252940	01.1981-12.2010	11.4	10.1	12.6	12.0	13.0	13.4	13.4	12.6	10.8	9.7	10.7	12.8	142.5
Flims	1050	740720 / 188600	01.1981-12.2010	10.2	9.0	11.6	11.3	12.8	12.6	12.9	13.1	10.0	9.0	10.7	10.9	134.1
Flühli, LU	939	644332 / 193311	01.1981-12.2010	12.1	10.8	13.6	13.2	15.0	14.9	14.2	14.0	11.1	10.6	11.2	13.0	153.7
Frauenfeld	393	709480 / 270170	01.1981-12.2010	10.3	9.6	11.5	10.8	12.1	11.7	11.8	11.6	9.8	9.8	10.5	12.0	131.5
Fribourg / Posieux	646	575182 / 180076	01.1981-12.2010	10.2	9.5	10.6	10.7	13.4	11.4	10.6	10.5	8.9	10.4	10.6	10.3	127.1
Frick	345	643355 / 262700	01.1981-12.2010	11.3	9.8	11.6	10.8	12.5	11.3	10.7	11.0	9.5	10.4	10.8	12.4	132.1
Fruence	809	558860 / 152799	01.1981-12.2010	11.0	10.4	11.5	11.6	13.6	11.8	10.3	10.8	9.7	11.3	11.0	11.6	134.6
Frutigen	756	616774 / 160884	01.1981-12.2010	10.0	9.4	11.0	11.9	13.6	14.1	13.0	13.3	10.0	10.0	9.7	10.8	136.8
Fräschels	454	582300 / 205070	01.1981-12.2010	10.1	9.1	10.4	9.6	12.0	10.7	9.7	10.4	8.9	10.7	10.4	10.7	122.7
Gadmen	1190	669750 / 176610	01.1981-12.2010	11.8	10.7	13.5	12.2	14.5	15.6	14.6	14.4	11.4	10.0	11.5	12.4	152.6
Gempen, SO	585	616260 / 260400	01.1981-12.2010	10.9	10.2	11.9	11.5	13.7	12.2	10.9	11.1	10.1	11.0	11.1	12.2	136.8
Genève / Aire	376	495935 / 116925	01.1981-12.2010	9.8	8.4	9.2	8.6	10.6	9.0	7.7	7.5	8.2	10.4	9.7	10.2	109.3
Genève / Cointrin	410	498905 / 122632	01.1981-12.2010	9.5	8.1	9.0	8.9	10.6	9.3	7.6	7.9	8.1	10.1	9.9	10.0	109.0
Giswil	471	657320 / 188980	01.1981-12.2010	10.0	9.9	12.0	11.7	13.5	14.6	13.4	13.4	10.6	9.6	10.5	11.1	140.3
Glarus	516	723752 / 210568	01.1981-12.2010	10.6	9.4	12.3	11.9	13.8	14.2	14.6	14.6	11.7	9.7	10.9	10.5	144.2
Grimentz	1512	610768 / 114289	01.1981-12.2010	8.3	7.5	8.3	7.6	10.6	10.7	9.7	10.7	8.0	7.6	7.7	8.1	104.8
Grimsel Hospiz	1980	668583 / 158215	01.1981-12.2010	12.1	11.6	14.9	13.3	14.5	14.4	13.6	13.7	11.3	10.8	11.9	12.8	154.9
Grindelwald	1158	645793 / 164458	01.1981-12.2010	10.7	10.0	12.3	11.5	14.1	14.7	14.1	14.1	10.8	10.3	10.4	11.0	144.0
Grono	323	733017 / 124090	01.1981-12.2010	5.4	4.7	6.0	9.4	13.2	10.9	9.8	10.5	8.4	8.6	7.8	6.4	101.1
Gross, SZ	897	701799 / 218841	01.1981-12.2010	12.1	11.4	14.5	12.9	14.6	15.2	14.6	13.7	11.7	10.3	11.8	13.5	156.3
Grosshöchstetten	755	616015 / 194885	01.1981-12.2010	10.7	9.6	12.0	11.4	14.1	13.0	12.2	11.9	10.4	10.6	10.7	11.3	137.9
Gryon	1146	571520 / 125125	01.1981-12.2010	10.4	9.8	11.4	11.4	13.7	13.0	11.8	12.3	10.0	10.4	10.4	10.9	135.5
Grächen	1605	630739 / 116062	01.1981-12.2010	7.1	6.5	6.7	6.8	9.5	8.7	8.4	8.9	6.8	7.1	6.8	7.5	90.8
Grüningen	535	698752 / 236666	01.1981-12.2010	10.9	10.1	12.3	11.8	13.0	13.9	13.5	12.7	11.0	10.0	10.9	11.9	142.0
Grüsch	590	766900 / 204900	01.1981-12.2010	10.6	9.3	11.7	10.7	11.8	13.1	12.6	12.8	10.2	8.6	10.7	10.8	132.9
Gstaad	1045	588260 / 146165	01.1981-12.2010	10.8	9.9	11.9	11.2	14.4	13.9	12.8	13.0	10.5	10.5	10.4	11.3	140.6
Gsteig, Gstaad	1196	587680 / 136130	01.1981-12.2010	11.6	10.9	13.2	12.9	15.0	15.3	14.0	13.8	11.4	11.2	11.3	12.5	153.1
Guglera	877	585040 / 177635	01.1981-12.2010	10.8	10.2	12.0	11.9	14.9	13.0	11.3	11.8	9.8	11.1	10.8	11.5	139.1
Guttannen	1055	665296 / 167601	01.1981-12.2010	11.5	10.6	13.4	13.1	14.8	15.0	14.4	14.3	11.3	10.4	11.4	12.0	152.2
Göschenen	950	688477 / 171926	01.1981-12.2010	10.7	10.0	12.7	11.7	13.3	13.0	12.4	12.5	10.0	10.2	10.9	11.5	138.9
Göscheneralp	1745	681250 / 166790	01.1981-12.2010	11.5	10.8	13.5	12.9	14.0	14.4	13.8	14.1	11.1	10.5	11.8	12.3	150.7
Gösgen	380	640417 / 245937	01.1981-12.2010	10.2	9.2	10.9	10.8	11.8	11.1	11.1	11.2	9.1	9.7	10.4	10.8	126.3
Gütsch, Andermatt	2283	690050 / 167475	01.1981-12.2010	10.6	10.2	12.6	11.9	13.1	13.8	12.8	13.3	10.4	9.4	10.4	10.8	139.3
Güttingen	440	738420 / 273960	01.1981-12.2010	9.5	8.5	10.7	10.4	11.3	11.9	11.5	10.8	9.5	9.1	9.7	10.7	123.6
Hallau	419	677456 / 283472	01.1981-12.2010	10.3	9.0	10.5	9.4	11.3	11.1	10.9	9.8	8.6	10.0	10.1	11.4	122.4
Hausen am Albis	590	682060 / 232660	01.1981-12.2010	10.6	10.0	12.0	12.2	13.2	13.2	12.9	12.2	10.4	10.2	10.4	11.6	138.9
Herbetswil	544	611292 / 238435	01.1981-12.2010	11.7	10.7	12.1	11.4	12.9	12.4	11.3	10.8	9.8	10.6	11.2	12.2	137.1
Herisau	700	737730 / 250830	01.1981-12.2010	12.0	10.8	13.4	12.7	13.6	14.4	13.7	13.7	11.6	10.1	11.2	13.2	150.4
Herzogenbuchsee	467	619970 / 227350	01.1981-12.2010	11.2	10.1	11.5	10.6	12.0	11.7	10.9	11.3	9.4	10.5	11.1	11.7	132.0
Hessigkofen	580	602350 / 221220	01.1981-12.2010	10.8	9.9	11.0	10.1	12.2	11.2	10.4	10.9	9.3	10.8	10.6	11.5	128.7
Hinterrhein	1611	733900 / 153980	01.1981-12.2010	6.7	5.6	7.2	10.1	13.0	12.4	11.8	12.2	9.4	9.7	8.8	7.2	114.1
Hinwil	539	703803 / 240755	01.1981-12.2010	11.2	10.3	12.3	11.7	13.0	13.6	13.1	12.8	10.8	10.0	11.0	11.8	141.6
Hoch-Ybrig	1458	702760 / 207630	01.1981-12.2010	13.3	12.4	15.7	14.6	15.8	16.8	15.7	15.7	13.4	11.5	13.1	15.0	173.0
Hondrich	760	618525 / 169130	01.1981-12.2010	10.1	9.6	11.5	11.4	13.9	14.4	13.4	12.7	10.3	9.8	10.0	10.8	137.9
Huttwil	633	630261 / 218189	01.1981-12.2010	11.6	10.9	12.1	12.2	13.3	12.3	11.9	11.9	9.9	10.7	11.1	12.0	139.9
Hérémence	1218	597356 / 114092	01.1981-12.2010	8.6	7.0	8.2	7.3	9.8	9.8	8.9	10.1	7.4	7.7	8.1	8.6	101.5
Ilanz	698	735685 / 181966	01.1981-12.2010	7.4	7.0	8.4	8.1	9.7	9.9	10.8	10.8	8.0	7.4	8.5	8.1	104.1
Illhart	540	720330 / 275760	01.1981-12.2010	10.4	9.6	11.7	10.8	12.1	12.1	12.0	11.4	9.8	10.0	10.7	12.0	132.6
Innerferrera	1475	753870 / 154070	01.1981-12.2010	7.8	6.8	8.8	10.0	12.3	12.1	11.2	12.0	9.1	8.8	9.1	8.2	116.2
Innerthal	903	712019 / 218326	01.1981-12.2010	12.6	11.8	15.0	14.1	15.6	16.3	15.2	15.2	12.4	10.9	12.3	13.7	165.1
Interlaken	577	633019 / 169093	01.1981-12.2010	9.6	8.7	11.0	10.6	12.7	13.4	12.4	12.6	9.5	9.3	9.7	9.6	129.1
Isenthal	778	685460 / 196110	01.1981-12.2010	11.5	10.3	13.6	12.5	14.4	15.4	14.5	13.8	11.7	10.5	11.2	12.1	151.5
Jaun	1030	587520 / 162280	01.1981-12.2010	12.0	11.3	13.5	13.0	15.0	13.9	13.0	12.4	10.8	10.9	11.4	13.0	150.2
Jona	410	706760 / 231290	01.1981-12.2010	11.0	10.4	12.8	11.9	13.1	14.3	13.4	13.3	11.1	10.1	11.1	12.3	144.8
Jussy	466	508910 / 120364	01.1981-12.2010	10.1	8.5	10.0	9.4	11.4	9.3	8.1	8.5	8.4	10.4	10.0	10.0	114.1
Kaiserstuhl, AG	361	673300 / 269310	01.1981-12.2010	10.9	9.5	11.7	11.1	12.6	11.5	11.3	10.6	9.7	10.4	11.1	12.3	132.7
Kalchrain	580	709060 / 274350	01.1981-12.2010	10.6	9.6	11.9	11.0	12.0	11.9	11.6	11.3	9.5	10.1	10.6	12.4	132.5
Kandersteg	1178	618313 / 149198	01.1981-12.2010	10.2	9.6	11.5	11.5	13.7	14.1	13.6	13.2	10.5	9.7	10.4	11.2	139.2
Kiental	930	622110 / 159075	01.1981-12.2010	10.3	9.6	11.8	11.9	13.8	14.1	13.2	13.4	10.0	9.8	9.9	11.0	138.8
Kiesen	535	610256 / 185527	01.1981-12.2010	9.3	8.7	10.7	10.8	13.1	12.5	12.0	11.7	9.6	9.8	9.8	10.2	128.2
Kirchberg, SG	695	719712 / 253684	01.1981-12.2010	11.3	10.9	12.9	11.8	13.6	13.6	12.7	12.5	10.9	10.1	11.5	12.7	144.5
Kleine Scheidegg	2061	639925 / 159425	01.1981-12.2010	11.6	10.1	13.0	12.7	15.6	15.5	14.7	14.5	11.0	10.7	11.3	12.0	152.7
Klosters	1186	786857 / 193366	01.1981-12.2010	10.5	10.2	12.6	11.8	13.0	14.7	14.0	14.6	11.5	9.2	11.2	11.5	144.8
Klöntal	855	718775 / 210700	01.1981-12.2010	12.5	11.3	14.4	13.5	15.5	16.3	15.9	15.9	12.7	10.8	12.2	13.1	164.1
Koppigen	484	612662 / 218664	01.1981-12.2010	10.8	9.8	10.9	10.3	12.6	11.7	10.8	11.0	9.5	10.3	10.8	11.4	129.9
Kronberg	1645	742873 / 239565	01.1981-12.2010	12.7	11.7	15.0	13.6	15.6	15.8	15.3	15.1	12.3	10.6	12.5	13.9	164.1
Kurzeneialp	894	630575 / 207010	01.1981-12.2010	12.6	11.8	13.7	13.3	15.0	13.7	12.6	12.1	10.8	11.0	12.3	13.3	152.2
Küblis	822	778460 / 198471	01.1981-12.2010	10.2	9.3	10.6	10.0	11.8	12.9	12.5	13.1	10.2	8.9	10.3	10.5	130.3
Küsnacht, ZH	412	686705 / 240573	01.1981-12.2010	10.4	9.8	11.5	11.5	12.6	12.7	12.3	11.3	9.9	9.7	10.3	11.3	133.3
Küssnacht am Rigi	502	675328 / 216760	01.1981-12.2010	10.2	9.6	12.3	12.0	13.0	14.1	13.1	12.9	10.7	10.0	10.4	10.9	139.2
L' Auberson	1096	523852 / 186295	01.1981-12.2010	13.2	11.9	13.1	12.8	14.7	13.0	12.3	11.6	10.2	12.9	12.8	13.6	152.1
L'Abergement	645	527540 / 178770	01.1981-12.2010	12.3	11.2	11.8	11.2	13.6	11.1	10.2	10.1	9.7	11.8	12.0	12.8	137.8
La Brévine	1050	536982 / 203974	01.1981-12.2010	13.3	12.2	13.7	12.6	15.0	13.0	11.9	11.8	10.6	12.7	12.5	14.4	153.7
La Chaux-de-Fonds	1017	550919 / 214861	01.1981-12.2010	12.4	11.3	12.3	12.5	15.1	13.1	12.2	12.2	10.6	12.4	12.0	13.4	149.5
La Cure	1185	495298 / 146347	01.1981-12.2010	13.6	12.1	13.0	13.6	15.6	13.0	11.7	11.7	10.4	12.7	12.8	14.1	154.3
La Dôle	1669	497061 / 142362	01.1981-12.2010	12.7	11.4	12.9	12.7	14.9	12.5	11.7	11.3	10.5	12.6	12.4	13.3	148.9
La Valsainte	1044	580090 / 166314	01.1981-12.2010	11.7	10.7	13.2	12.6	15.2	13.8	12.2	12.2	10.1	11.2	11.3	12.8	147.0
Lachen / Eggen	930	762030 / 255900	01.1981-12.2010	11.5	9.9	13.1	11.7	13.2	14.5	13.3	13.0	10.7	9.5	11.1	12.9	144.4
Lachen / Galgenen	468	707637 / 226334	01.1981-12.2010	11.0	10.2	13.2	12.1	13.3	14.5	13.7	13.5	11.4	10.0	10.9	12.7	146.5
Landquart	537	762680 / 203710	01.1981-12.2010	9.6	8.3	10.7	9.6	11.0	12.2	12.3	12.1	9.4	8.2	9.7	10.0	123.1
Langenbruck	731	624250 / 244720	01.1981-12.2010	12.0	11.4	13.0	11.7	13.7	12.5	12.1	11.5	10.2	11.2	11.7	13.0	144.0
Langnau am Albis	579	682205 / 237810	01.1981-12.2010	11.0	10.5	12.0	12.0	13.0	13.5	12.4	11.7	10.5	10.0	10.7	12.3	139.6
Langnau i.E.	745	628005 / 198792	01.1981-12.2010	11.4	10.5	12.8	12.5	14.6	13.8	12.6	12.2	10.2	10.9	11.6	11.9	145.0
Laufen	404	606652 / 251464	01.1981-12.2010	11.1	10.5	12.0	11.3	13.4	12.0	11.1	11.1	9.8	11.0	11.4	12.0	136.7
Laufenburg	329	646357 / 266514	01.1981-12.2010	11.6	10.3	11.9	10.8	12.7	11.3	11.3	11.1	9.6	10.8	11.0	12.9	135.3
Laupen	483	584946 / 196242	01.1981-12.2010	9.7	9.3	10.5	10.4	12.2	10.7	10.1	10.7	9.2	10.5	10.2	10.5	124.0
Lausanne	601	538976 / 153256	01.1981-12.2010	10.4	9.3	10.4	9.9	12.4	10.4	9.0	9.6	9.0	10.6	10.1	11.0	122.1
Lauterbrunnen	815	635851 / 160291	01.1981-12.2010	10.0	9.2	11.4	11.0	13.5	14.1	13.8	13.5	10.2	9.5	9.9	10.4	136.5
Le Locle	920	547260 / 211730	01.1981-12.2010	13.6	12.2	13.3	12.8	15.0	13.3	12.0	11.7	10.6	12.4	12.6	14.4	153.9
Le Moléson	1974	567723 / 155072	01.1981-12.2010	8.1	7.6	10.5	10.3	13.4	12.6	11.0	11.6	10.1	9.8	8.5	9.2	122.7
Leibstadt	341	656379 / 272111	01.1981-12.2010	10.8	9.7	11.2	10.0	12.5	11.0	10.6	10.5	9.2	10.6	10.8	11.8	128.7
Lenzerheide	1400	761860 / 175890	01.1981-12.2010	9.1	8.2	10.4	10.2	11.7	12.1	11.5	12.1	9.2	8.1	9.8	9.7	122.1
Les Avants	1036	561880 / 145178	01.1981-12.2010	11.3	10.9	12.3	12.3	14.3	12.8	11.6	12.2	10.7	11.5	11.3	11.7	142.9
Les Bioux	1025	509820 / 163450	01.1981-12.2010	13.5	12.1	13.1	12.9	14.9	12.9	11.7	11.4	10.1	12.7	12.6	13.9	151.8
Les Brenets	907	544675 / 213685	01.1981-12.2010	13.8	12.4	13.6	13.0	15.5	13.2	12.5	12.3	11.1	12.7	12.9	14.9	157.9
Les Charbonnières	1045	513821 / 169387	01.1981-12.2010	13.9	12.1	13.5	13.3	15.4	13.2	11.9	11.5	10.6	12.8	13.0	14.6	155.8
Les Diablerets	1191	579038 / 132867	01.1981-12.2010	11.2	10.4	11.6	11.3	14.7	14.1	12.7	12.5	10.8	10.8	10.5	11.7	142.3
Les Marécottes	990	567375 / 107577	01.1981-12.2010	10.4	8.3	10.0	9.6	11.8	11.1	11.4	11.2	9.2	10.1	9.6	10.3	123.0
Les Ponts-de-Martel	1052	545887 / 205407	01.1981-12.2010	13.4	11.8	13.4	12.6	14.9	13.5	12.1	11.6	10.4	12.2	12.5	14.0	152.4
Leukerbad	1286	614083 / 135090	01.1981-12.2010	10.1	8.9	9.9	8.5	11.3	11.2	11.5	11.4	9.4	9.1	9.7	9.9	120.9
Linthal / Tierfehd	810	717770 / 193170	01.1981-12.2010	11.5	10.3	13.9	13.0	14.5	15.7	15.2	15.4	12.2	10.7	11.7	11.9	156.0
Locarno / Monti	366	704160 / 114350	01.1981-12.2010	4.9	4.5	5.9	10.1	12.4	10.2	8.5	9.9	8.9	9.2	8.3	6.5	99.3
Lohn, SH	585	692910 / 289775	01.1981-12.2010	10.6	9.3	11.0	10.1	12.0	11.4	11.3	10.8	9.0	10.4	10.3	11.4	127.6
Longirod	900	509387 / 150106	01.1981-12.2010	12.2	10.6	10.1	10.6	13.4	10.6	9.9	10.2	9.0	11.4	11.1	11.9	131.0
Lorzentobel	536	684590 / 226110	01.1981-12.2010	11.1	10.6	13.0	12.5	13.7	14.1	13.6	12.8	10.9	10.6	11.1	12.1	146.1
Lugano	273	717874 / 95884	01.1981-12.2010	4.8	4.6	6.1	10.6	12.8	10.0	7.9	9.6	8.4	9.1	7.8	6.4	98.1
Lungern	740	655275 / 181800	01.1981-12.2010	11.0	11.0	12.9	11.8	13.7	14.6	14.2	13.7	11.1	10.3	11.2	12.2	147.7
Luthern	767	636465 / 212020	01.1981-12.2010	11.8	11.6	12.7	12.7	14.5	12.9	12.2	11.9	9.9	11.0	11.6	12.3	145.1
Luzern	454	665540 / 209848	01.1981-12.2010	9.3	8.7	11.8	11.8	12.9	13.5	12.5	12.5	10.2	9.4	9.6	10.0	132.2
Madiswil	542	627198 / 223330	01.1981-12.2010	11.1	10.2	11.8	11.5	12.7	11.5	11.1	11.0	9.3	10.2	10.8	11.5	132.7
Magadino / Cadenazzo	203	715480 / 113162	01.1981-12.2010	4.7	4.3	6.1	10.2	12.6	10.2	8.6	9.7	8.4	9.4	8.0	6.4	98.6
Magglingen	883	583037 / 221115	01.1981-12.2010	12.0	10.8	12.1	11.3	13.5	11.9	11.0	11.4	9.5	11.9	12.0	12.8	140.2
Malbun	1610	764704 / 219182	01.1981-12.2010	12.3	10.8	14.2	13.5	14.9	16.1	15.0	14.7	12.2	10.4	11.4	12.8	158.3
Marbach, LU	864	635347 / 189680	01.1981-12.2010	12.4	11.1	13.4	13.6	15.2	15.4	14.2	13.5	11.5	11.2	11.8	12.9	156.2
Marsens	714	571758 / 167317	01.1981-12.2010	11.1	10.1	11.6	12.0	14.3	12.8	11.1	11.5	10.0	11.2	11.0	11.7	138.4
Martigny	461	570920 / 106546	01.1981-12.2010	8.5	7.0	8.1	7.6	9.3	9.3	8.9	9.4	7.3	8.2	7.8	8.7	100.1
Martina	1041	830464 / 196986	01.1981-12.2010	6.5	6.1	6.7	6.3	9.2	10.3	10.9	11.5	7.6	7.1	8.2	7.5	97.9
Meiringen	588	655844 / 175930	01.1981-12.2010	10.2	9.5	11.5	10.5	12.8	14.1	13.5	13.6	10.4	9.9	10.5	10.9	137.4
Merishausen	525	687800 / 290270	01.1981-12.2010	11.1	9.6	11.7	10.8	12.4	11.3	11.9	11.0	9.4	10.5	10.9	12.4	133.0
Mervelier	540	603884 / 243975	01.1981-12.2010	11.4	10.8	12.7	12.3	14.0	12.7	12.0	11.4	10.1	11.5	11.9	13.6	144.4
Mesocco	830	737850 / 139825	01.1981-12.2010	5.4	5.3	6.2	9.8	12.7	10.8	10.4	11.1	8.5	9.1	8.5	6.7	104.5
Mogelsberg	766	728219 / 247007	01.1981-12.2010	11.3	10.7	13.7	12.1	14.0	14.2	13.0	12.8	11.3	10.1	10.9	12.7	146.8
Monstein	1633	778426 / 176003	01.1981-12.2010	9.2	8.2	9.5	9.7	11.6	12.9	13.2	12.9	9.6	8.0	9.9	9.1	123.8
Montagne du Droit	1170	561830 / 222150	01.1981-12.2010	13.1	12.2	13.3	13.2	15.2	13.4	12.3	12.2	10.6	13.0	12.8	14.1	155.4
Montagnier, Bagnes	839	583492 / 102189	01.1981-12.2010	9.4	8.0	9.5	9.3	11.1	10.3	9.9	10.5	8.4	8.7	9.0	9.8	113.9
Montana	1427	601706 / 127482	01.1981-12.2010	8.6	6.8	7.9	7.4	9.8	9.7	9.2	9.6	7.5	8.1	7.9	8.5	101.0
Montenol	692	578420 / 244825	01.1981-12.2010	12.2	12.1	12.9	12.2	14.7	12.4	11.8	11.4	10.1	12.2	12.7	13.8	148.5
Morbio Superiore	440	722750 / 80075	01.1981-12.2010	5.4	4.8	6.1	11.2	12.2	9.9	7.4	9.0	8.1	9.0	8.2	6.6	97.9
Morges	374	528774 / 152105	01.1981-12.2010	9.9	8.4	9.8	9.1	11.7	9.6	8.9	9.0	8.5	10.1	10.0	10.4	115.4
Morgins	1340	554720 / 120680	01.1981-12.2010	11.7	11.0	12.6	12.2	14.8	13.5	13.1	12.5	10.8	11.5	11.8	12.5	148.0
Mormont	535	569727 / 254223	01.1981-12.2010	12.3	12.0	12.7	11.6	13.5	11.3	10.9	10.5	10.0	11.6	12.4	13.2	142.0
Mosen	453	660128 / 232851	01.1981-12.2010	10.6	9.4	11.9	11.1	13.0	12.6	11.9	11.6	10.1	10.0	10.2	11.2	133.6
Mosogno	771	692803 / 117050	01.1981-12.2010	5.6	5.2	6.2	10.0	13.4	10.8	9.3	10.5	8.4	9.0	8.1	6.6	103.1
Mottec	1580	614325 / 110730	01.1981-12.2010	8.5	7.4	8.8	8.3	11.3	11.1	10.5	11.4	8.3	8.2	8.2	8.3	110.3
Moudon	561	551320 / 169590	01.1981-12.2010	10.2	9.1	10.3	9.1	12.7	10.6	9.9	10.2	8.9	10.6	10.5	11.2	123.3
Moutier	579	594939 / 235698	01.1981-12.2010	11.2	10.4	11.9	11.1	13.5	12.0	11.0	11.1	9.5	11.0	11.2	12.1	136.0
Muri, AG	577	667276 / 235323	01.1981-12.2010	11.0	9.9	11.8	11.4	12.9	12.6	12.0	11.6	9.9	10.1	10.5	11.9	135.6
Murten	433	576991 / 199048	01.1981-12.2010	9.8	9.1	10.5	9.8	12.4	10.5	10.1	10.5	8.9	10.3	10.1	10.7	122.7
Möhlin	344	633053 / 269147	01.1981-12.2010	11.0	10.1	11.8	11.4	13.6	11.2	11.0	11.3	9.8	11.2	11.5	12.8	136.7
Mühleberg	479	587788 / 202478	01.1981-12.2010	9.4	9.7	10.4	10.2	12.7	11.1	10.5	10.8	8.7	10.3	9.8	10.7	124.3
Mülligen	367	660530 / 256440	01.1981-12.2010	10.7	9.6	11.2	11.1	12.8	12.0	11.1	11.2	9.7	10.3	10.9	12.1	132.7
Mürren	1645	634700 / 156410	01.1981-12.2010	10.8	10.0	13.1	12.6	14.7	14.7	14.8	14.5	11.0	10.4	10.5	11.7	148.8
Müstair	1248	831185 / 169358	01.1981-12.2010	4.6	4.3	5.2	6.9	9.2	9.5	10.2	9.6	7.2	6.9	6.6	5.7	85.9
Napf	1403	638133 / 206079	01.1981-12.2010	11.3	10.9	13.5	13.3	15.0	14.1	12.9	13.0	11.2	11.3	11.5	12.0	150.0
Nesselboden	1055	605295 / 232697	01.1981-12.2010	12.7	11.8	13.2	12.2	13.7	12.4	11.7	11.5	10.1	11.7	12.0	13.5	146.5
Neuchâtel	485	563087 / 205560	01.1981-12.2010	9.9	9.3	9.9	9.7	11.9	10.6	9.9	10.0	8.6	10.4	9.7	10.4	120.3
Niederneunforn	440	700860 / 272510	01.1981-12.2010	9.9	9.1	10.9	10.2	11.9	11.4	11.4	10.7	9.2	9.6	10.0	11.2	125.5
Nyon / Changins	455	506880 / 139573	01.1981-12.2010	10.0	8.2	9.2	8.9	11.6	9.6	8.6	8.8	7.8	10.2	9.8	10.0	112.7
Oberiberg	1075	701841 / 210464	01.1981-12.2010	12.2	11.5	14.9	13.6	14.9	15.9	15.2	14.6	12.3	10.6	12.3	13.9	161.9
Obstalden	689	730891 / 219537	01.1981-12.2010	11.3	9.9	13.3	12.3	13.8	14.9	14.5	14.6	11.4	9.8	11.2	12.1	149.1
Olivone	958	715465 / 154865	01.1981-12.2010	6.6	6.3	6.9	9.5	12.1	10.4	9.5	10.3	8.5	9.4	8.4	7.6	105.5
Opfikon	424	684614 / 254698	01.1981-12.2010	11.5	9.5	11.8	11.3	12.0	12.1	11.6	11.5	10.0	10.2	10.4	11.8	133.7
Orbe	437	531550 / 176420	01.1981-12.2010	10.4	8.6	9.4	9.2	12.1	10.0	9.5	9.8	8.5	10.4	10.0	10.8	118.7
Orsières	929	577022 / 96695	01.1981-12.2010	8.5	7.1	8.6	7.4	10.3	9.8	9.0	9.7	7.2	7.9	7.9	9.1	102.5
Orzens	623	542135 / 174815	01.1981-12.2010	10.1	8.9	9.8	9.0	11.8	10.5	9.7	9.9	8.5	10.6	10.1	10.8	119.7
Otelfingen	435	671520 / 257080	01.1981-12.2010	11.6	9.6	12.0	11.1	12.8	12.1	11.6	11.4	9.7	10.5	11.1	12.2	135.7
Passo del Bernina	2260	798422 / 143020	01.1981-12.2010	7.6	6.9	7.9	10.6	13.1	11.5	11.4	12.0	9.3	10.5	9.5	8.5	118.8
Payerne	490	562127 / 184612	01.1981-12.2010	8.8	8.1	9.1	9.1	11.7	10.4	9.6	9.5	8.5	10.3	9.0	9.6	113.7
Payerne / Ville	448	561615 / 187040	01.1981-12.2010	9.7	8.6	9.7	9.2	11.9	10.3	9.9	9.6	8.6	10.4	9.7	10.3	117.9
Pfäffikon, ZH	540	700555 / 246928	01.1981-12.2010	11.0	10.1	12.0	11.8	12.7	12.9	12.6	12.0	10.4	9.8	10.7	12.0	138.0
Pigniu	1325	727950 / 185715	01.1981-12.2010	10.9	9.8	12.2	11.8	15.0	14.8	14.6	14.6	11.9	11.0	12.0	11.7	150.3
Pilatus	2106	661910 / 203410	01.1981-12.2010	12.7	11.6	15.0	13.9	15.0	15.7	14.2	13.9	11.7	10.5	12.1	14.4	160.7
Piotta	990	695888 / 152261	01.1981-12.2010	7.9	7.0	8.0	9.9	12.4	10.1	9.6	11.0	8.4	9.1	8.9	8.4	110.7
Piz Corvatsch	3302	783151 / 143522	01.1981-12.2010	8.9	7.7	10.2	11.9	14.6	14.0	12.7	12.4	9.5	9.4	10.6	9.4	131.3
Plaffeien	1042	586808 / 177400	01.1981-12.2010	9.9	9.0	11.2	11.6	14.5	12.8	11.6	12.1	9.8	10.6	9.7	10.9	133.7
Pleigne	738	587683 / 251978	01.1981-12.2010	12.2	11.5	12.6	12.1	14.4	12.5	11.5	11.1	10.0	11.7	12.3	13.8	145.7
Ponte Tresa	274	710110 / 91630	01.1981-12.2010	4.7	4.5	5.8	10.9	12.9	9.7	8.2	9.2	8.0	9.3	7.7	6.3	97.2
Pontresina	1774	788643 / 151847	01.1981-12.2010	5.7	5.3	5.8	6.8	9.6	10.3	10.0	10.3	7.8	7.7	7.8	6.5	93.6
Poschiavo / Robbia	1078	801850 / 136180	01.1981-12.2010	5.1	4.4	5.9	8.6	12.3	10.4	10.4	10.7	8.2	9.0	7.7	5.9	98.6
Pully	455	540811 / 151514	01.1981-12.2010	10.1	8.8	10.2	9.8	12.1	10.4	9.0	9.5	8.8	10.1	10.2	10.7	119.7
Punt la Drossa	1713	810566 / 170638	01.1981-12.2010	7.3	6.2	7.1	7.8	10.5	10.8	10.8	10.7	8.3	8.5	8.8	8.6	105.4
Reigoldswil	602	617700 / 249870	01.1981-12.2010	11.7	11.2	12.8	12.0	14.2	12.7	12.2	11.6	10.2	11.4	11.8	13.1	144.9
Rempen	650	710610 / 221850	01.1981-12.2010	11.8	11.1	14.3	13.1	14.4	15.8	14.4	14.6	12.2	10.3	12.1	13.3	157.4
Ricken	785	721600 / 236075	01.1981-12.2010	12.6	11.6	14.3	12.9	14.5	15.2	14.6	14.1	11.6	10.6	12.3	13.8	158.1
Riedholz / Wallierhof	518	609394 / 231491	01.1981-12.2010	11.9	10.8	11.9	10.8	12.7	11.8	11.2	11.5	9.9	11.3	11.2	12.7	137.7
Riehen	260	613930 / 269300	01.1981-12.2010	9.8	8.7	10.1	10.3	12.3	10.9	10.2	9.9	8.9	10.2	10.3	11.1	122.7
Riex	461	546080 / 149410	01.1981-12.2010	10.9	9.4	10.7	10.4	12.0	11.2	9.3	9.7	9.0	10.6	10.6	11.3	125.1
Robièi	1896	682588 / 144091	01.1981-12.2010	10.3	9.5	10.7	13.1	15.2	12.0	11.2	12.0	10.9	11.7	11.4	10.1	138.1
Romont	692	561476 / 172622	01.1981-12.2010	10.3	9.4	10.9	10.3	13.1	11.1	10.1	10.3	8.8	10.9	10.6	11.3	127.1
Rothenbrunnen	622	751220 / 181300	01.1981-12.2010	7.2	6.0	7.6	6.8	9.7	10.0	10.4	10.7	7.5	6.7	8.4	8.0	99.0
Rünenberg	611	633246 / 253846	01.1981-12.2010	9.9	9.1	11.4	11.4	13.0	11.8	11.9	11.4	9.6	10.1	10.6	11.1	131.3
S. Bernardino	1638	734112 / 147296	01.1981-12.2010	7.3	6.4	8.2	11.0	14.4	11.9	11.4	12.1	9.9	10.5	9.2	8.1	120.4
Saas Fee	1796	638236 / 106762	01.1981-12.2010	7.4	6.7	7.8	8.3	10.4	9.1	8.3	9.1	7.0	8.1	8.0	8.1	98.3
Safien Platz	1296	743556 / 171437	01.1981-12.2010	8.5	7.2	9.5	9.5	11.3	12.4	12.1	12.6	9.1	8.3	9.4	8.8	118.7
Saignelégier	883	565379 / 234076	01.1981-12.2010	13.6	12.9	13.9	13.1	15.4	13.0	11.9	11.8	11.1	12.4	13.3	14.9	157.3
Salen-Reutenen	718	719099 / 279047	01.1981-12.2010	10.1	9.4	11.6	10.5	12.0	11.8	12.3	11.4	9.9	10.1	10.4	11.9	131.4
Salez / Saxerriet	436	755558 / 233374	01.1981-12.2010	10.0	8.7	12.0	11.3	12.7	13.7	13.8	13.9	11.2	8.9	10.5	11.2	137.9
Samedan	1708	787250 / 155685	01.1981-12.2010	5.3	4.2	4.8	6.0	9.3	10.3	10.0	10.5	7.8	7.6	7.0	6.0	88.8
Sangernboden	1035	593220 / 173905	01.1981-12.2010	11.5	11.1	12.6	13.1	15.8	14.4	12.7	12.9	11.0	11.3	11.1	12.4	149.9
Sargans	590	752046 / 213364	01.1981-12.2010	10.5	9.7	12.7	11.7	13.2	14.1	13.7	14.4	10.6	9.4	11.3	11.2	142.5
Sarnen	475	661580 / 193690	01.1981-12.2010	9.6	9.3	11.1	11.1	13.2	13.9	13.2	13.0	10.3	9.6	10.1	10.2	134.6
Sattel, SZ	790	690999 / 215145	01.1981-12.2010	11.7	10.8	13.8	12.9	13.5	15.2	14.1	13.6	11.6	10.3	11.5	12.5	151.5
Savognin	1172	765387 / 162663	01.1981-12.2010	7.4	5.8	7.6	8.1	10.1	10.9	11.0	11.3	8.5	7.3	8.1	7.1	103.2
Schaan	444	755510 / 228260	01.1981-12.2010	9.5	8.5	11.4	10.3	12.2	13.3	13.4	13.5	10.4	8.7	10.2	10.0	131.4
Schaffhausen	438	688698 / 282796	01.1981-12.2010	10.0	8.4	10.9	9.9	11.3	11.3	11.3	10.5	8.9	9.8	9.7	10.5	122.5
Schleitheim	499	678225 / 288730	01.1981-12.2010	10.1	9.0	10.0	9.5	11.8	10.9	11.0	9.5	8.4	9.7	9.3	10.7	119.9
Schwarzenburg	806	593150 / 184720	01.1981-12.2010	10.4	10.3	12.1	11.8	14.2	12.4	11.3	11.1	10.0	10.8	10.9	11.4	136.7
Schwarzenegg	902	621687 / 183860	01.1981-12.2010	10.2	9.6	11.6	11.8	13.9	14.0	12.6	12.3	10.3	9.9	10.2	10.8	137.2
Schwyz	479	691646 / 208412	01.1981-12.2010	11.1	10.3	13.6	12.3	13.4	14.9	13.6	13.5	11.4	9.9	11.0	12.1	147.1
Schwägalp	1348	742180 / 235650	01.1981-12.2010	13.6	12.2	15.9	14.3	16.0	16.0	15.3	15.1	12.6	11.4	12.9	14.6	169.9
Schänis	415	719940 / 225580	01.1981-12.2010	11.1	10.3	13.2	12.7	13.7	15.0	14.1	14.0	11.5	9.9	11.4	12.8	149.7
Scudellate	925	724175 / 86850	01.1981-12.2010	4.8	4.9	5.9	11.2	12.6	10.0	7.3	8.7	8.4	9.4	7.8	6.3	97.3
Scuol	1303	817135 / 186393	01.1981-12.2010	5.6	5.1	5.6	6.3	9.2	10.1	10.5	11.1	7.5	7.6	7.2	6.8	92.6
Sedrun	1429	699974 / 169845	01.1981-12.2010	10.8	9.8	11.8	11.0	13.0	12.5	12.5	13.6	10.4	10.3	11.1	11.2	138.0
Seengen	445	656680 / 242110	01.1981-12.2010	11.1	10.0	11.2	11.0	12.5	11.9	11.9	10.9	9.7	10.0	10.4	11.6	132.2
Segl-Maria	1804	778575 / 144976	01.1981-12.2010	6.6	5.6	6.5	8.9	11.3	11.1	10.9	11.1	8.3	8.7	8.5	8.0	105.5
Sempach	532	657433 / 220760	01.1981-12.2010	10.1	9.9	11.8	11.9	13.2	13.0	12.0	11.5	9.9	9.9	9.9	11.2	134.3
Semsales	873	561110 / 158430	01.1981-12.2010	11.3	10.6	11.7	11.1	13.6	12.1	10.7	10.8	10.0	11.4	11.1	12.0	136.4
Sevelen	457	755605 / 221302	01.1981-12.2010	9.7	9.0	12.0	11.2	12.8	14.1	14.2	13.9	11.0	9.2	10.5	10.7	138.3
Siebnen	452	710821 / 225538	01.1981-12.2010	11.2	10.3	13.6	12.2	13.4	14.9	14.1	13.6	11.4	9.7	11.1	12.4	147.9
Sierre	536	609138 / 127458	01.1981-12.2010	8.0	5.8	7.0	6.3	8.0	8.3	7.5	8.4	6.3	7.1	7.6	8.0	88.3
Sihlbrugg	549	686318 / 230586	01.1981-12.2010	11.1	10.5	12.4	12.2	13.5	13.7	13.1	12.5	10.7	10.0	10.6	11.7	142.0
Simplon-Dorf	1465	647683 / 116340	01.1981-12.2010	8.0	6.7	6.8	9.6	11.6	9.4	8.7	8.9	8.0	9.6	9.2	7.9	104.4
Sion	482	591630 / 118575	01.1981-12.2010	6.8	5.5	6.5	5.2	7.4	7.7	7.7	7.9	6.2	6.8	7.0	7.4	82.1
Sissach	380	627500 / 257130	01.1981-12.2010	10.7	9.5	11.6	11.1	13.2	11.1	11.2	10.8	9.2	10.2	10.7	12.0	131.3
Soglio	1086	761393 / 134474	01.1981-12.2010	5.2	4.8	6.4	9.4	13.0	11.1	10.3	10.8	8.7	9.3	7.9	6.4	103.3
Sonogno	912	703822 / 134052	01.1981-12.2010	6.0	5.7	7.0	10.4	13.6	10.9	9.4	10.7	8.8	10.0	8.8	7.3	108.6
Splügen	1460	744420 / 157435	01.1981-12.2010	8.2	6.9	8.6	10.4	12.7	12.4	12.1	12.1	9.6	9.6	9.9	8.4	120.9
St. Antönien	1456	781634 / 205103	01.1981-12.2010	11.3	10.0	13.4	12.2	14.4	14.4	14.0	14.3	11.3	9.6	11.0	11.6	147.5
St. Gallen	775	747865 / 254588	01.1981-12.2010	10.4	9.1	12.6	11.8	13.7	13.8	13.8	12.9	11.5	9.8	10.5	11.5	141.4
St. Peterzell	700	731250 / 242140	01.1981-12.2010	11.9	11.1	14.3	12.7	13.9	14.7	14.1	13.8	11.7	10.4	11.7	13.3	153.6
St. Urban	491	631125 / 230015	01.1981-12.2010	11.7	10.1	12.0	11.6	12.4	11.7	11.4	11.5	9.5	10.1	10.9	12.3	135.2
Sta. Maria, Val Müstair	1383	828861 / 165580	01.1981-12.2010	5.1	4.7	5.7	7.5	9.5	10.3	11.1	10.8	7.7	8.1	7.4	6.3	94.2
Stabio	353	716050 / 77966	01.1981-12.2010	5.2	4.7	6.0	10.8	11.7	9.4	6.9	8.7	8.0	8.9	8.1	6.3	94.7
Stalden / Ackersand	700	633630 / 121150	01.1981-12.2010	5.9	4.7	5.4	5.2	7.7	7.2	6.7	7.7	5.7	6.4	6.3	6.9	75.8
Stallikon	754	680340 / 239850	01.1981-12.2010	11.0	10.3	12.1	11.7	13.4	13.3	12.4	11.9	10.5	10.2	11.2	12.4	140.4
Stans	438	668918 / 202459	01.1981-12.2010	9.9	9.5	11.7	11.7	13.3	14.1	13.2	13.4	10.4	9.5	10.3	10.9	137.9
Starkenbach	897	737313 / 227576	01.1981-12.2010	12.3	11.0	14.8	13.0	14.6	15.1	15.0	14.7	11.7	10.3	12.2	13.1	157.8
Steckborn	399	715200 / 280150	01.1981-12.2010	10.2	9.0	11.1	10.2	11.7	11.4	11.4	10.6	9.1	10.1	10.0	11.4	126.2
Stiegelschwand	1467	607270 / 148550	01.1981-12.2010	11.1	11.0	12.9	12.7	15.0	15.0	14.2	13.8	10.8	10.5	11.0	12.3	150.3
Stöckalp	1070	664320 / 183550	01.1981-12.2010	12.0	10.8	13.7	13.0	15.0	15.7	14.9	14.3	12.1	10.7	11.6	12.9	156.7
Sulgen	445	731025 / 267175	01.1981-12.2010	10.6	9.3	11.6	11.3	12.2	12.4	12.1	11.6	9.7	9.5	10.3	11.6	132.2
Susch	1416	802002 / 181593	01.1981-12.2010	6.6	5.2	6.7	7.4	10.0	11.3	11.4	11.9	7.7	7.3	7.7	7.7	100.9
Säntis	2502	744200 / 234920	01.1981-12.2010	12.7	11.9	15.7	14.1	15.2	16.3	16.3	16.0	13.2	11.1	12.8	14.5	169.8
Tafers	654	583020 / 185350	01.1981-12.2010	10.2	10.0	11.6	11.6	13.7	11.7	10.7	11.0	9.2	10.6	11.0	10.9	132.2
Tamins	667	750155 / 188614	01.1981-12.2010	9.1	7.8	10.0	9.2	11.5	11.7	12.0	12.1	9.2	8.3	10.1	9.5	120.5
Tavanasa	800	722750 / 178980	01.1981-12.2010	9.5	8.2	9.9	9.0	11.5	11.7	11.9	12.9	9.4	9.3	10.3	10.0	123.6
Teufen, AR	834	747784 / 250409	01.1981-12.2010	11.8	10.5	13.4	12.5	14.0	14.6	13.8	13.5	11.9	10.5	11.5	13.3	151.3
Thun	570	611201 / 177640	01.1981-12.2010	8.9	8.1	9.7	10.0	12.8	12.8	11.4	11.6	9.4	9.1	8.9	9.7	122.4
Thusis	672	753155 / 175089	01.1981-12.2010	6.9	6.1	7.0	7.3	9.1	10.1	10.2	10.4	7.9	7.1	8.1	7.6	97.8
Tiefencastel	890	763205 / 170350	01.1981-12.2010	6.8	5.0	6.6	6.7	9.3	10.2	10.5	10.9	8.6	6.9	7.4	7.2	96.1
Torricella / Crana	1002	712695 / 103746	01.1981-12.2010	5.6	5.3	6.9	11.3	14.2	11.2	8.9	10.5	8.8	10.2	8.5	7.1	108.5
Tour de Gourze	915	546450 / 151240	01.1981-12.2010	11.3	10.1	11.4	11.1	12.4	11.6	9.7	10.3	9.5	11.1	11.0	11.8	131.3
Trogen	975	752170 / 251770	01.1981-12.2010	11.9	11.0	14.0	12.4	14.2	14.9	14.1	13.5	11.8	10.5	11.8	13.3	153.4
Trun	834	719985 / 178224	01.1981-12.2010	9.0	8.2	10.0	8.7	11.3	11.2	11.3	12.5	9.5	8.7	9.8	9.5	119.7
Tschiertschen	1273	765538 / 187679	01.1981-12.2010	8.7	8.2	10.1	9.5	11.6	12.3	12.3	12.1	9.7	8.1	10.1	9.8	122.5
Ulrichen	1345	666740 / 150760	01.1981-12.2010	10.1	9.3	10.1	9.2	11.9	10.8	10.5	11.1	9.2	9.4	10.1	10.3	122.0
Unterkulm	454	650838 / 241212	01.1981-12.2010	11.0	10.4	11.7	11.1	12.6	12.0	11.6	11.1	9.4	10.1	10.3	12.0	133.3
Unterschächen	1470	701900 / 192000	01.1981-12.2010	11.5	10.5	14.0	12.2	14.8	15.2	15.2	14.6	11.7	9.5	11.1	12.3	152.6
Urnerboden	1395	712650 / 195250	01.1981-12.2010	12.0	11.1	14.2	13.5	14.8	16.4	15.6	15.9	12.3	10.6	11.9	12.6	160.9
Urnäsch	825	739205 / 241765	01.1981-12.2010	12.5	11.4	14.5	13.0	14.8	15.0	14.1	14.2	12.0	10.3	12.0	13.7	157.5
Uster	438	694712 / 245206	01.1981-12.2010	10.7	9.7	12.1	11.5	12.9	12.6	12.6	11.7	9.8	9.7	10.5	11.9	135.7
Vaduz	457	757719 / 221697	01.1981-12.2010	7.3	6.8	9.4	9.6	11.9	12.7	13.1	13.2	9.8	8.2	9.0	8.3	119.3
Valeyres-sous-Rances	512	530230 / 178350	01.1981-12.2010	10.7	9.3	10.1	9.2	12.1	9.7	9.3	9.6	8.4	10.4	9.9	10.5	119.2
Vallorbe	748	519400 / 174060	01.1981-12.2010	12.4	10.8	12.1	11.9	13.8	11.9	10.9	10.4	9.7	11.9	11.3	12.6	139.7
Vals	1242	734016 / 165552	01.1981-12.2010	8.6	7.5	9.1	10.1	12.5	12.7	12.0	12.4	9.4	9.1	9.7	8.9	122.0
Vella	1245	732650 / 175670	01.1981-12.2010	8.3	7.7	9.2	8.4	10.9	10.9	11.4	11.7	8.8	8.1	9.4	8.3	113.1
Vevey / Corseaux	405	552106 / 146847	01.1981-12.2010	10.4	9.3	10.6	10.1	12.5	11.0	10.0	10.4	9.5	10.6	10.5	10.7	125.6
Vicosoprano	1089	768485 / 135866	01.1981-12.2010	6.5	6.0	7.2	9.8	13.3	11.6	11.0	11.2	9.3	9.6	8.8	7.7	112.0
Villars-Tiercelin	859	544198 / 163651	01.1981-12.2010	11.3	10.5	11.9	10.4	13.1	11.2	10.3	10.5	9.3	11.4	11.4	12.2	133.5
Vira, Gambarogno	199	709400 / 111680	01.1981-12.2010	5.0	4.7	6.0	10.2	13.0	10.1	8.2	9.7	8.7	9.3	8.2	6.5	99.6
Visp	639	631149 / 128020	01.1981-12.2010	6.7	5.2	6.2	5.5	7.5	7.2	7.0	7.7	6.1	7.0	7.0	7.3	80.4
Vrin	1384	727424 / 168526	01.1981-12.2010	8.3	7.1	9.4	9.3	11.9	12.6	12.9	12.8	9.8	8.6	9.3	8.5	120.5
Vättis	939	752732 / 197282	01.1981-12.2010	9.4	8.0	10.3	9.8	11.8	13.0	12.9	12.8	9.6	8.4	9.8	9.4	125.2
Wahlendorf	760	592250 / 205940	01.1981-12.2010	11.2	10.6	11.6	10.8	12.6	11.3	10.8	10.9	9.4	10.8	10.8	11.9	132.7
Wald / Tanne	1075	757025 / 254230	01.1981-12.2010	11.0	9.7	12.7	12.0	13.4	14.2	13.4	13.2	11.4	9.8	11.3	12.2	144.3
Waldegg	550	676900 / 246180	01.1981-12.2010	10.9	9.6	11.6	11.1	12.7	12.2	11.9	11.6	9.8	9.7	10.5	11.6	133.2
Wangen b. Olten	435	633280 / 242760	01.1981-12.2010	11.2	9.6	11.5	10.6	12.1	11.1	11.1	10.7	9.1	10.2	10.5	12.0	129.7
Wasen im Emmental	770	627850 / 210550	01.1981-12.2010	11.7	11.1	12.5	12.8	14.2	13.0	12.0	11.8	10.5	11.1	11.4	12.4	144.5
Weesen	425	724983 / 221383	01.1981-12.2010	11.3	10.2	13.3	12.3	13.9	14.8	14.5	13.9	11.6	9.6	11.0	12.4	148.8
Weinfelden	477	726403 / 269983	01.1981-12.2010	10.2	9.3	11.2	10.8	11.9	12.2	12.3	11.4	9.8	9.6	10.4	11.8	130.9
Weissfluhjoch	2691	780615 / 189634	01.1981-12.2010	10.5	9.5	13.0	12.4	14.6	15.5	15.0	14.8	11.4	9.6	11.1	10.8	148.2
Weisstannen	1010	744900 / 205820	01.1981-12.2010	11.1	9.7	12.8	12.6	14.0	15.3	15.2	15.3	11.2	10.2	11.4	11.5	150.3
Widnau	411	766485 / 248850	01.1981-12.2010	9.7	8.7	11.8	11.2	12.4	14.1	13.3	13.1	10.6	9.0	10.4	11.6	135.9
Wil, ZH	406	680340 / 273225	01.1981-12.2010	11.0	10.0	11.7	10.8	12.1	11.7	11.4	10.5	9.6	10.5	11.0	12.3	132.6
Wilchingen	420	677050 / 280200	01.1981-12.2010	10.7	8.9	11.1	10.1	11.7	11.1	11.4	10.4	8.9	10.5	10.3	12.0	127.1
Wildhaus	998	746129 / 229568	01.1981-12.2010	12.2	10.9	14.3	12.5	14.6	15.5	14.7	14.7	11.8	10.2	11.6	13.3	156.3
Wimmis	648	617229 / 168864	01.1981-12.2010	10.4	9.8	11.6	11.6	14.1	14.2	12.9	12.7	10.2	10.2	10.3	10.8	138.8
Winterthur / Seen	506	699845 / 259054	01.1981-12.2010	11.4	10.2	12.5	11.5	12.2	12.0	11.9	11.8	10.2	10.1	10.9	12.7	137.4
Wittnau	463	639941 / 258983	01.1981-12.2010	11.2	10.1	12.2	11.5	13.3	11.6	11.1	11.1	9.2	10.8	11.2	12.7	136.0
Witzwil	433	570636 / 205385	01.1981-12.2010	10.5	9.3	10.4	9.7	11.7	10.6	10.2	10.3	8.9	10.5	10.5	10.9	123.5
Wynau	422	626400 / 233850	01.1981-12.2010	10.4	9.3	10.8	10.3	12.1	11.1	10.9	11.1	9.4	10.3	10.4	11.0	127.1
Wädenswil	485	693847 / 230744	01.1981-12.2010	10.6	9.9	12.3	11.5	12.9	13.5	12.8	12.4	10.5	10.0	10.7	11.5	138.6
Yverdon-les-Bains	433	539855 / 181540	01.1981-12.2010	10.0	9.0	9.4	8.8	11.2	10.3	9.8	9.8	8.4	10.3	9.8	10.5	117.3
Zermatt	1638	624350 / 97560	01.1981-12.2010	6.5	5.4	6.0	6.0	9.7	9.1	8.7	9.6	7.3	7.0	6.6	6.6	88.5
Zernez	1470	802721 / 175275	01.1981-12.2010	6.6	5.3	5.9	6.6	9.4	10.1	10.7	10.8	7.4	6.8	7.2	7.2	94.0
Zervreila	1738	728780 / 159993	01.1981-12.2010	9.4	8.2	10.2	11.4	13.3	13.5	13.3	13.2	10.6	9.3	10.3	9.7	132.4
Zofingen	417	636390 / 238480	01.1981-12.2010	11.2	10.4	11.6	11.3	12.2	11.4	11.7	11.5	9.7	10.2	11.3	12.6	135.1
Zugerberg	920	682975 / 222000	01.1981-12.2010	10.7	9.5	12.3	12.7	14.4	14.6	13.7	13.2	11.2	10.2	10.6	11.4	144.5
Zweisimmen	1015	595870 / 155480	01.1981-12.2010	10.7	9.7	11.6	11.3	13.9	14.3	13.1	12.8	10.5	10.4	10.0	11.1	139.4
Zwillikon	461	675138 / 238165	01.1981-12.2010	9.9	9.7	11.3	11.6	13.2	12.9	12.4	11.7	9.9	9.9	10.0	11.1	133.6
Zürich / Affoltern	443	681428 / 253546	01.1981-12.2010	10.1	8.7	11.1	11.0	12.0	12.1	11.5	11.2	9.7	10.0	10.2	10.8	128.4
Zürich / Fluntern	555	685117 / 248066	01.1981-12.2010	10.5	9.3	11.9	11.4	12.4	12.7	12.3	11.6	10.2	9.9	10.3	11.4	133.9
Zürich / Kloten	426	682710 / 259339	01.1981-12.2010	9.9	8.6	10.7	10.4	11.7	11.7	11.3	11.0	9.5	9.8	10.1	10.5	125.2

